19 4294967295 1002 1048 1100 1143 1193 1201 790 2371 415 2424 782 2363 423 2428 333 2354 53 2439 
27 4294967295 1002 1048 1097 1143 1196 1201 1966 2744 1591 2806 317 2340 1599 2813 325 2344 1607 2817 790 2371 880 2450 333 2351 53 2439 
27 4294967295 1000 1049 1100 1146 1191 1201 1493 2723 2064 2823 317 2338 1599 2816 790 2371 2056 2820 325 2345 431 2438 782 2361 53 2442 
27 4294967295 1002 1051 1097 1143 1196 1198 1493 2725 415 2424 1966 2744 1599 2813 325 2347 431 2435 341 2355 1623 2830 790 2368 54 2450 
25 4294967295 1003 1047 1100 1145 1192 1200 1493 2721 415 2425 1966 2740 1599 2816 325 2343 431 2438 341 2357 888 2454 40 2362 
25 4294967295 1000 1052 1099 1145 1191 1200 317 2338 2064 2823 790 2370 1599 2815 1958 2735 880 2445 325 2348 431 2437 39 2357 
23 4294967295 1000 1047 1097 1147 1196 1200 790 2370 880 2450 317 2338 2048 2813 325 2343 1607 2821 333 2351 53 2443 
25 4294967295 1000 1052 1097 1143 1194 1201 1493 2726 415 2422 790 2371 2056 2817 782 2364 1599 2813 325 2348 431 2435 39 2355 
21 4294967295 1000 1050 1099 1143 1193 1202 317 2338 423 2430 790 2372 2056 2817 782 2363 872 2439 38 2353 
25 4294967295 1001 1048 1098 1148 1191 1201 1966 2739 1591 2806 790 2371 2056 2822 317 2339 423 2428 782 2361 872 2444 38 2352 
