64 4294967295 86691 20922 65697 105768 117615 47142 98973 96708 14478 9970 123599 94729 114278 57184 64973 50215 62708 80878 69851 90373 39362 102220 34745 24691 44240 78874 18398 980 2531 3633 81730881 197 2342 4220 67725534 730 2084 3386 47437995 1207 2366 3691 69099160 1348 1522 3079 4608133 509 2001 3273 40908930 1126 2479 4331 78514303 1099 1697 3606 18095372 120 2620 3328 87618170 
64 4294967295 86691 63258 49233 25800 54111 98886 82509 92004 7422 113458 78911 33577 74294 106576 46157 12583 116804 76174 98075 19813 72290 29308 39449 36451 41888 102394 63086 980 2672 4250 93227457 701 2754 3409 98356414 534 2622 3329 87629755 255 1639 3611 13831864 592 2310 4027 65331285 1125 1803 3720 26738914 930 1837 3744 28894159 1043 1752 3799 22619052 36 1553 3358 7099018 
64 4294967295 110211 100890 30417 112824 68223 25974 44877 124932 5070 38194 71855 97081 8438 59536 13229 118423 76820 78526 29867 43333 41714 62236 74729 67027 93632 83578 107774 1260 1858 3715 30982561 1149 2144 3356 51648830 310 2398 3974 71601659 1291 1919 3215 34489480 760 2338 3774 67089013 257 2201 4143 57005234 482 2559 2960 82858447 1435 2813 3017 102046092 8 2112 3749 50067706 
64 4294967295 63171 32682 108033 30504 84687 87126 80157 23796 47406 26434 90671 28873 126038 59536 83789 123127 116804 62062 6347 45685 44066 104572 95897 74083 58352 22426 103070 700 1747 3857 22690977 337 2112 3554 49791534 1234 2869 2935 106158027 311 1947 4001 37723480 956 1718 4250 21148965 985 2285 4087 63303890 902 2648 3384 89841535 231 2142 4360 53090780 512 1670 3939 16448218 
64 4294967295 60819 35034 96273 42264 91743 58902 94269 21444 110910 80530 83615 19465 116630 24256 32045 54919 121508 73822 15755 76261 13490 118684 86489 114067 65408 100042 30158 672 2761 3219 98070225 365 1635 3855 14201854 1094 2816 4248 103830331 451 2362 4306 69974888 1040 2594 3020 85075541 649 2311 3889 65129042 1070 1692 3241 17564575 203 2282 3047 61773580 1268 2057 3638 45700042 
64 4294967295 96099 107946 68049 91656 51759 33030 61341 89652 54462 104050 10703 14761 121334 50128 79085 83143 67412 26782 39275 40981 86402 123388 44153 29395 20720 36538 58382 1092 2642 3801 90458369 1233 1722 3662 20300590 758 2393 2987 70187323 1039 2000 3888 41820664 564 1753 3106 21586437 341 2872 3555 107029922 678 1579 4304 10623039 1015 1891 3385 32606428 596 1838 3327 28273290 
64 4294967295 30243 60906 53937 63432 32943 65958 23709 28500 37998 26434 114191 108841 13142 104224 74381 97255 102692 22078 43979 50389 95810 15196 8873 78787 58352 5962 107774 308 2699 4219 95287809 673 2644 4143 90935854 590 1666 3016 15105051 703 2341 2965 65905144 340 1718 3745 20397893 733 1584 4000 10176130 230 1474 4082 1804607 287 2561 3383 83464508 400 2003 3554 41313562 
64 4294967295 53763 46794 100977 56376 58815 42438 11949 28500 33294 68770 83615 87673 53126 94816 64973 92551 32132 62062 18107 104485 109922 15196 8873 90547 119504 116506 72494 588 2532 4168 82494497 505 2647 3242 89626574 1150 2222 3075 57600987 619 2142 2965 51063240 648 2447 3492 75157941 453 1584 3855 9964450 90 2481 3723 77588399 287 2505 3633 79591548 344 2790 4282 101730170 
64 4294967295 105507 91482 112737 115176 18831 108294 35469 80244 99150 71122 90671 12409 15494 120688 76733 123127 102692 59710 25163 52741 62882 5788 126473 97603 34832 104746 41918 1204 2869 3159 106483329 1037 2565 4082 84504702 1290 2650 3773 90423147 1319 2114 3044 49085208 172 2250 3608 60468133 1237 1551 3274 7010338 370 2031 3939 44003407 903 2840 3359 104640348 1128 1472 4365 2237434 
64 4294967295 4371 110298 89217 65784 84687 18918 63693 75540 42702 38194 88319 94729 50774 10144 32045 33751 53300 24430 126299 118597 102866 57532 81785 36451 63056 121210 105422 0 1837 3241 28134289 1261 1858 3464 30615678 1010 1524 4084 6066315 731 1694 3494 17921992 956 2815 4115 103622629 173 2531 3833 81993666 706 2088 3911 48211919 847 2846 3610 105005692 456 1805 4363 27657850 
64 4294967295 86691 20922 65697 105768 117615 47142 98973 96708 14478 9970 123599 94729 114278 57184 64973 50215 62708 80878 69851 90373 39362 102220 34745 24691 44240 78874 18398 980 2531 3633 81730881 197 2342 4220 67725534 730 2084 3386 47437995 1207 2366 3691 69099160 1348 1522 3079 4608133 509 2001 3273 40908930 1126 2479 4331 78514303 1099 1697 3606 18095372 120 2620 3328 87618170 
64 4294967295 86691 63258 49233 25800 54111 98886 82509 92004 7422 113458 78911 33577 74294 106576 46157 12583 116804 76174 98075 19813 72290 29308 39449 36451 41888 102394 63086 980 2672 4250 93227457 701 2754 3409 98356414 534 2622 3329 87629755 255 1639 3611 13831864 592 2310 4027 65331285 1125 1803 3720 26738914 930 1837 3744 28894159 1043 1752 3799 22619052 36 1553 3358 7099018 
64 4294967295 110211 100890 30417 112824 68223 25974 44877 124932 5070 38194 71855 97081 8438 59536 13229 118423 76820 78526 29867 43333 41714 62236 74729 67027 93632 83578 107774 1260 1858 3715 30982561 1149 2144 3356 51648830 310 2398 3974 71601659 1291 1919 3215 34489480 760 2338 3774 67089013 257 2201 4143 57005234 482 2559 2960 82858447 1435 2813 3017 102046092 8 2112 3749 50067706 
64 4294967295 63171 32682 108033 30504 84687 87126 80157 23796 47406 26434 90671 28873 126038 59536 83789 123127 116804 62062 6347 45685 44066 104572 95897 74083 58352 22426 103070 700 1747 3857 22690977 337 2112 3554 49791534 1234 2869 2935 106158027 311 1947 4001 37723480 956 1718 4250 21148965 985 2285 4087 63303890 902 2648 3384 89841535 231 2142 4360 53090780 512 1670 3939 16448218 
64 4294967295 60819 35034 96273 42264 91743 58902 94269 21444 110910 80530 83615 19465 116630 24256 32045 54919 121508 73822 15755 76261 13490 118684 86489 114067 65408 100042 30158 672 2761 3219 98070225 365 1635 3855 14201854 1094 2816 4248 103830331 451 2362 4306 69974888 1040 2594 3020 85075541 649 2311 3889 65129042 1070 1692 3241 17564575 203 2282 3047 61773580 1268 2057 3638 45700042 
64 4294967295 96099 107946 68049 91656 51759 33030 61341 89652 54462 104050 10703 14761 121334 50128 79085 83143 67412 26782 39275 40981 86402 123388 44153 29395 20720 36538 58382 1092 2642 3801 90458369 1233 1722 3662 20300590 758 2393 2987 70187323 1039 2000 3888 41820664 564 1753 3106 21586437 341 2872 3555 107029922 678 1579 4304 10623039 1015 1891 3385 32606428 596 1838 3327 28273290 
64 4294967295 30243 60906 53937 63432 32943 65958 23709 28500 37998 26434 114191 108841 13142 104224 74381 97255 102692 22078 43979 50389 95810 15196 8873 78787 58352 5962 107774 308 2699 4219 95287809 673 2644 4143 90935854 590 1666 3016 15105051 703 2341 2965 65905144 340 1718 3745 20397893 733 1584 4000 10176130 230 1474 4082 1804607 287 2561 3383 83464508 400 2003 3554 41313562 
64 4294967295 53763 46794 100977 56376 58815 42438 11949 28500 33294 68770 83615 87673 53126 94816 64973 92551 32132 62062 18107 104485 109922 15196 8873 90547 119504 116506 72494 588 2532 4168 82494497 505 2647 3242 89626574 1150 2222 3075 57600987 619 2142 2965 51063240 648 2447 3492 75157941 453 1584 3855 9964450 90 2481 3723 77588399 287 2505 3633 79591548 344 2790 4282 101730170 
64 4294967295 105507 91482 112737 115176 18831 108294 35469 80244 99150 71122 90671 12409 15494 120688 76733 123127 102692 59710 25163 52741 62882 5788 126473 97603 34832 104746 41918 1204 2869 3159 106483329 1037 2565 4082 84504702 1290 2650 3773 90423147 1319 2114 3044 49085208 172 2250 3608 60468133 1237 1551 3274 7010338 370 2031 3939 44003407 903 2840 3359 104640348 1128 1472 4365 2237434 
64 4294967295 4371 110298 89217 65784 84687 18918 63693 75540 42702 38194 88319 94729 50774 10144 32045 33751 53300 24430 126299 118597 102866 57532 81785 36451 63056 121210 105422 0 1837 3241 28134289 1261 1858 3464 30615678 1010 1524 4084 6066315 731 1694 3494 17921992 956 2815 4115 103622629 173 2531 3833 81993666 706 2088 3911 48211919 847 2846 3610 105005692 456 1805 4363 27657850 
