50 4294967295 16107 4560 22053 25026 17835 12096 44112 68950 57779 24007 28808 40048 53561 3817 63794 9694 7235 67843 65384 43228 66860 198 1993 2944 46049345 23 2010 2853 46980584 288 1329 2968 15349271 333 1572 2087 25725286 224 1620 2414 28105137 137 1023 2991 1030200 622 1112 2789 4937072 
50 4294967295 53859 26340 59805 11958 42519 32424 20880 67498 11315 34171 7028 5200 28877 8173 63794 37282 39179 9763 20372 35968 23300 770 1113 2084 4227873 353 1530 2286 23877812 860 1089 2415 3539671 135 1988 2571 45669474 598 1483 2331 21879445 445 1044 2149 1215088 270 1510 2944 23519768 
50 4294967295 27723 64092 38025 67134 14931 9192 57180 6514 12767 8035 17192 35692 18713 61897 24590 45994 50795 56227 66836 4024 59600 374 1506 2171 22742809 925 1662 2261 30012996 530 1064 2238 2330155 971 1817 2350 37272074 180 1026 2747 786241 93 1087 2881 3990344 820 1903 2990 42010988 
50 4294967295 13203 30696 67065 14862 61395 19356 4908 57334 47615 8035 53492 40048 52109 9625 17330 59062 37727 38803 26180 41776 4424 154 1111 2374 4503753 419 1572 2045 25682648 970 1598 2240 26919291 179 1087 2767 3880914 884 1834 2549 38494681 247 1860 2788 39749716 28 1553 2699 25317828 
50 4294967295 5943 19080 45285 58422 67203 61464 25236 39910 12767 44335 9932 38596 36137 11077 66698 24214 52247 63487 31988 15640 14588 44 1637 2769 29481541 243 1202 2128 8357384 640 1927 2199 42229663 839 1133 2525 5698818 972 1570 2462 26117833 885 1550 2988 25626112 336 1332 2171 14548828 
50 4294967295 50955 53928 30765 4698 35259 64368 62988 25390 57779 45787 62204 28432 59369 19789 33302 24214 15947 40255 37796 56296 39272 726 1265 2573 11885721 771 1350 2853 16272720 420 1818 2550 37460327 25 1659 2877 30616590 488 1396 2482 17936297 929 1575 2920 26584432 908 1332 2219 14605940 
50 4294967295 65475 10368 39477 14862 68655 57108 51372 19582 47615 29815 46232 22624 36137 41569 4262 5338 65315 24283 7304 17092 10232 946 1224 2678 9953593 111 1333 2699 15078208 552 1262 2525 11837367 179 1308 2967 14322730 994 1046 2042 1115845 819 1417 2133 18611500 732 1595 2088 26758212 
50 4294967295 30627 39408 48189 51162 55587 13548 17976 38458 67943 60307 59300 19720 50657 28501 46370 24214 8687 53323 58124 63556 21848 418 1928 2745 42781377 551 1264 2680 11993192 684 1879 3007 41006111 729 1397 2858 18320086 796 1332 2876 15271393 159 1773 2109 34961020 226 1548 2309 24921432 
50 4294967295 48051 13272 67065 32286 59943 55656 28140 34102 20027 25459 7028 5200 65177 22693 63794 9694 8687 47515 58124 46132 16040 682 1482 2965 22526945 155 1664 2109 29840208 970 1044 2221 1293427 443 1112 2084 4220682 862 1351 2944 16363781 797 1309 2281 13646144 380 1685 2858 31626284 
50 4294967295 14655 20532 59805 35190 45423 13548 7812 34102 54875 50143 66560 44404 12905 29953 11522 22762 47891 51871 62480 49036 53792 176 1419 2152 18619613 265 1310 2703 14057452 860 1725 2809 33640599 487 1638 2986 29713930 642 1751 2173 34014293 159 1708 2924 32712356 72 1482 2793 22335420 
50 4294967295 16107 4560 22053 25026 17835 12096 44112 68950 57779 24007 28808 40048 53561 3817 63794 9694 7235 67843 65384 43228 66860 198 1993 2944 46049345 23 2010 2853 46980584 288 1329 2968 15349271 333 1572 2087 25725286 224 1620 2414 28105137 137 1023 2991 1030200 622 1112 2789 4937072 
50 4294967295 53859 26340 59805 11958 42519 32424 20880 67498 11315 34171 7028 5200 28877 8173 63794 37282 39179 9763 20372 35968 23300 770 1113 2084 4227873 353 1530 2286 23877812 860 1089 2415 3539671 135 1988 2571 45669474 598 1483 2331 21879445 445 1044 2149 1215088 270 1510 2944 23519768 
50 4294967295 27723 64092 38025 67134 14931 9192 57180 6514 12767 8035 17192 35692 18713 61897 24590 45994 50795 56227 66836 4024 59600 374 1506 2171 22742809 925 1662 2261 30012996 530 1064 2238 2330155 971 1817 2350 37272074 180 1026 2747 786241 93 1087 2881 3990344 820 1903 2990 42010988 
50 4294967295 13203 30696 67065 14862 61395 19356 4908 57334 47615 8035 53492 40048 52109 9625 17330 59062 37727 38803 26180 41776 4424 154 1111 2374 4503753 419 1572 2045 25682648 970 1598 2240 26919291 179 1087 2767 3880914 884 1834 2549 38494681 247 1860 2788 39749716 28 1553 2699 25317828 
50 4294967295 5943 19080 45285 58422 67203 61464 25236 39910 12767 44335 9932 38596 36137 11077 66698 24214 52247 63487 31988 15640 14588 44 1637 2769 29481541 243 1202 2128 8357384 640 1927 2199 42229663 839 1133 2525 5698818 972 1570 2462 26117833 885 1550 2988 25626112 336 1332 2171 14548828 
50 4294967295 50955 53928 30765 4698 35259 64368 62988 25390 57779 45787 62204 28432 59369 19789 33302 24214 15947 40255 37796 56296 39272 726 1265 2573 11885721 771 1350 2853 16272720 420 1818 2550 37460327 25 1659 2877 30616590 488 1396 2482 17936297 929 1575 2920 26584432 908 1332 2219 14605940 
50 4294967295 65475 10368 39477 14862 68655 57108 51372 19582 47615 29815 46232 22624 36137 41569 4262 5338 65315 24283 7304 17092 10232 946 1224 2678 9953593 111 1333 2699 15078208 552 1262 2525 11837367 179 1308 2967 14322730 994 1046 2042 1115845 819 1417 2133 18611500 732 1595 2088 26758212 
50 4294967295 30627 39408 48189 51162 55587 13548 17976 38458 67943 60307 59300 19720 50657 28501 46370 24214 8687 53323 58124 63556 21848 418 1928 2745 42781377 551 1264 2680 11993192 684 1879 3007 41006111 729 1397 2858 18320086 796 1332 2876 15271393 159 1773 2109 34961020 226 1548 2309 24921432 
50 4294967295 48051 13272 67065 32286 59943 55656 28140 34102 20027 25459 7028 5200 65177 22693 63794 9694 8687 47515 58124 46132 16040 682 1482 2965 22526945 155 1664 2109 29840208 970 1044 2221 1293427 443 1112 2084 4220682 862 1351 2944 16363781 797 1309 2281 13646144 380 1685 2858 31626284 
50 4294967295 14655 20532 59805 35190 45423 13548 7812 34102 54875 50143 66560 44404 12905 29953 11522 22762 47891 51871 62480 49036 53792 176 1419 2152 18619613 265 1310 2703 14057452 860 1725 2809 33640599 487 1638 2986 29713930 642 1751 2173 34014293 159 1708 2924 32712356 72 1482 2793 22335420 
