15 4294967295 2271 828 1465 4004 5164 1073 77 255 454 244231 8 431 593 1451355 
15 4294967295 2124 828 3082 1211 5017 1367 70 332 468 765199 8 424 460 1375405 
15 4294967295 1683 4650 4846 3122 2077 4160 49 416 551 1348348 190 284 601 465279 
15 4294967295 3006 3474 1759 4886 2812 4307 112 269 635 378148 134 319 608 701851 
15 4294967295 2859 2151 1759 917 3253 4013 105 269 594 368985 71 340 446 807740 
15 4294967295 801 1416 1759 4445 3253 4748 7 269 629 375894 36 340 614 843951 
15 4294967295 4329 3621 2053 917 5164 2396 175 431 446 1420623 141 283 517 446708 
15 4294967295 1977 4356 4258 5180 1930 2984 63 388 545 1158571 176 277 649 428725 
15 4294967295 4182 3915 4846 2093 4723 2396 168 410 502 1291459 155 416 517 1341497 
15 4294967295 2124 4650 1171 3710 4135 926 70 382 447 1090265 190 241 579 178188 
15 4294967295 2271 828 1465 4004 5164 1073 77 255 454 244231 8 431 593 1451355 
15 4294967295 2124 828 3082 1211 5017 1367 70 332 468 765199 8 424 460 1375405 
15 4294967295 1683 4650 4846 3122 2077 4160 49 416 551 1348348 190 284 601 465279 
15 4294967295 3006 3474 1759 4886 2812 4307 112 269 635 378148 134 319 608 701851 
15 4294967295 2859 2151 1759 917 3253 4013 105 269 594 368985 71 340 446 807740 
15 4294967295 801 1416 1759 4445 3253 4748 7 269 629 375894 36 340 614 843951 
15 4294967295 4329 3621 2053 917 5164 2396 175 431 446 1420623 141 283 517 446708 
15 4294967295 1977 4356 4258 5180 1930 2984 63 388 545 1158571 176 277 649 428725 
15 4294967295 4182 3915 4846 2093 4723 2396 168 410 502 1291459 155 416 517 1341497 
15 4294967295 2124 4650 1171 3710 4135 926 70 382 447 1090265 190 241 579 178188 
