22 4294967295 4323 14256 12492 2662 12047 5095 17480 11728 6992 90 655 1608 3507121 421 574 1259 988632 362 876 1427 9827844 
22 4294967295 9723 6756 10992 16162 10547 5395 11480 5728 16592 270 1024 1377 14173921 171 665 1579 3783332 312 676 1408 3984544 
22 4294967295 3723 17256 12492 17062 11147 14395 2180 17728 10892 70 1054 1098 14895521 521 1076 1389 15639832 362 965 1397 12436044 
22 4294967295 4323 5256 17292 8662 13247 8995 2180 11728 8492 90 774 1098 6730921 121 785 1467 7222632 522 876 1309 9764644 
22 4294967295 11823 2856 10092 17362 9947 2695 8780 10528 13292 340 575 1469 1101221 41 836 1357 8620432 282 1064 1318 15308044 
22 4294967295 3723 6156 11592 7162 5747 10195 6080 2128 15392 70 825 1217 8253521 151 724 1539 5511132 332 556 1228 388344 
22 4294967295 14523 6156 4092 11662 2147 8695 6980 11428 14192 430 775 1258 6820721 151 866 1097 9355932 82 874 1499 9862844 
22 4294967295 5523 15756 4392 1762 3947 16795 10580 11428 6092 130 544 1157 56921 471 866 1378 9510332 92 1045 1229 14674344 
22 4294967295 12723 10056 17292 4462 3647 11995 9680 11728 12692 370 885 1147 9968321 281 876 1449 9837832 522 634 1348 2787844 
22 4294967295 16623 5556 11892 9862 12347 4495 5480 10228 7592 500 635 1437 2836221 131 814 1279 7994932 342 826 1208 8250844 
22 4294967295 4323 14256 12492 2662 12047 5095 17480 11728 6992 90 655 1608 3507121 421 574 1259 988632 362 876 1427 9827844 
22 4294967295 9723 6756 10992 16162 10547 5395 11480 5728 16592 270 1024 1377 14173921 171 665 1579 3783332 312 676 1408 3984544 
22 4294967295 3723 17256 12492 17062 11147 14395 2180 17728 10892 70 1054 1098 14895521 521 1076 1389 15639832 362 965 1397 12436044 
22 4294967295 4323 5256 17292 8662 13247 8995 2180 11728 8492 90 774 1098 6730921 121 785 1467 7222632 522 876 1309 9764644 
22 4294967295 11823 2856 10092 17362 9947 2695 8780 10528 13292 340 575 1469 1101221 41 836 1357 8620432 282 1064 1318 15308044 
22 4294967295 3723 6156 11592 7162 5747 10195 6080 2128 15392 70 825 1217 8253521 151 724 1539 5511132 332 556 1228 388344 
22 4294967295 14523 6156 4092 11662 2147 8695 6980 11428 14192 430 775 1258 6820721 151 866 1097 9355932 82 874 1499 9862844 
22 4294967295 5523 15756 4392 1762 3947 16795 10580 11428 6092 130 544 1157 56921 471 866 1378 9510332 92 1045 1229 14674344 
22 4294967295 12723 10056 17292 4462 3647 11995 9680 11728 12692 370 885 1147 9968321 281 876 1449 9837832 522 634 1348 2787844 
22 4294967295 16623 5556 11892 9862 12347 4495 5480 10228 7592 500 635 1437 2836221 131 814 1279 7994932 342 826 1208 8250844 
