64 4294967295 154227 55530 90897 116856 44031 18246 157101 72516 112590 25762 172319 108169 52454 47104 127805 145975 85556 63742 83291 141445 175106 42748 137561 139267 55328 49978 170606 1764 3627 5597 234992017 589 2702 6011 101685390 1010 2538 4978 75223067 1319 3231 5991 178870248 452 2250 4584 33774613 145 2504 4618 70400770 1798 3601 6044 231831887 791 2452 5481 64040236 1268 3681 4951 241808346 
64 4294967295 69555 149610 76785 62760 41679 37062 13629 34884 30270 138658 106463 89353 132422 112960 111341 80119 156116 103726 26843 141445 116306 19228 172841 33427 135296 68794 8318 756 3594 6017 231746257 1709 3627 5227 234256654 842 3288 4059 183090491 675 2341 5285 47384824 424 3178 5818 170377989 369 2897 5344 128774274 90 3007 5536 145418623 343 2762 5570 108903852 288 2172 4279 20956330 
64 4294967295 64851 114330 105009 8664 100479 171126 53613 147780 112590 70450 125279 14089 123014 145888 47837 174199 7940 143710 76235 162613 160994 120364 156377 118099 41216 52330 100046 700 2111 5151 14589233 1289 3349 4867 192868510 1178 3680 5821 243555707 31 2566 4529 78356744 1124 3654 5451 238756117 1965 3376 5876 198983826 566 3879 4054 268432143 1687 4017 4450 289575084 1268 2782 5424 112711770 
64 4294967295 27219 71994 133233 43944 105183 65286 8925 159540 16158 98674 165263 138745 61862 169408 151325 54247 76148 42574 104459 136741 92786 141532 114041 129859 24752 47626 88286 252 2589 5011 83386801 785 3489 4866 213175678 1514 3960 4254 281046587 451 3118 5203 161008376 1180 2510 5761 72744117 705 3595 5317 230333634 34 3628 4696 233137247 1827 3571 5927 227542652 120 2450 5064 63174730 
64 4294967295 43683 119034 72081 22776 20511 140550 124173 65460 63198 6946 146447 110521 165350 103552 118397 54247 94964 134302 99755 35605 17522 42748 149321 52243 116480 169930 168254 448 3542 5147 221859233 1345 2026 5703 3543486 786 3966 5928 284413083 199 3176 5963 170653928 172 3259 4168 179233269 1601 2589 5737 84892226 1406 2367 5346 51582447 707 2565 5090 79504636 680 2452 5369 63811338 
64 4294967295 22515 50826 168513 105096 27567 93510 131229 77220 121998 68098 40607 124633 167702 160000 97229 18967 43220 164878 71531 172021 137474 153292 139913 38131 88256 148762 10670 196 3906 5596 275590673 533 2397 5117 55170670 1934 3848 4087 264462635 1179 3768 5625 255353368 256 2754 4443 106643493 1041 3991 5010 286621698 1490 2169 5956 24376863 847 3714 4811 245578572 1380 3427 4474 204273562 
64 4294967295 107187 74346 152049 8664 72255 77046 135933 30180 150222 124546 120575 148153 66566 51808 134861 103639 99668 131950 8027 19141 92786 172108 15257 167491 140000 97018 41246 1204 3992 5626 287868113 813 3937 5565 279615758 1738 3098 4141 154835131 31 3514 4055 215581832 788 3177 5064 168864085 845 2560 5146 79621394 1546 2171 5395 23249471 287 3707 4451 244829068 1716 3426 4752 204847450 
64 4294967295 121299 10842 100305 51000 86367 67638 150045 96036 63198 14002 167615 115225 108902 77680 57245 157735 71444 21406 80939 23845 36338 16876 90521 165139 149408 127594 60062 1372 3462 5738 210877745 57 3821 4675 261531230 1122 2198 4641 25777755 535 2144 4392 17124776 956 2227 4810 30176053 733 2110 5256 14815954 1714 2868 5037 124126751 1071 3315 4923 188911052 680 3909 5955 276338058 
64 4294967295 135411 126090 86193 140376 161631 105270 48909 18420 131406 133954 28847 101113 123014 84736 38429 30727 64388 35518 40955 94405 104546 165052 109337 24019 118832 7642 53006 1540 3908 4417 273257489 1429 3067 5374 153245934 954 3147 5204 165086715 1599 2366 4303 49499272 1852 2952 4726 135702453 1181 2229 4447 29448530 510 2309 5261 43259503 147 3538 4591 220721852 1492 2034 5424 2983130 
64 4294967295 81315 50826 41505 18072 60495 124086 20685 154836 58494 164530 33551 30553 111254 150592 12557 44839 132596 146062 175019 103813 149234 108604 74057 153379 92960 139354 64766 896 3236 4109 175076385 533 3602 4359 228409582 422 2307 5538 43821515 143 2477 4731 66562248 648 3769 5736 255564293 1405 3736 5066 250166482 174 3682 5284 242455087 1771 3902 4841 274110684 624 3179 6043 170835178 
64 4294967295 154227 55530 90897 116856 44031 18246 157101 72516 112590 25762 172319 108169 52454 47104 127805 145975 85556 63742 83291 141445 175106 42748 137561 139267 55328 49978 170606 1764 3627 5597 234992017 589 2702 6011 101685390 1010 2538 4978 75223067 1319 3231 5991 178870248 452 2250 4584 33774613 145 2504 4618 70400770 1798 3601 6044 231831887 791 2452 5481 64040236 1268 3681 4951 241808346 
64 4294967295 69555 149610 76785 62760 41679 37062 13629 34884 30270 138658 106463 89353 132422 112960 111341 80119 156116 103726 26843 141445 116306 19228 172841 33427 135296 68794 8318 756 3594 6017 231746257 1709 3627 5227 234256654 842 3288 4059 183090491 675 2341 5285 47384824 424 3178 5818 170377989 369 2897 5344 128774274 90 3007 5536 145418623 343 2762 5570 108903852 288 2172 4279 20956330 
64 4294967295 64851 114330 105009 8664 100479 171126 53613 147780 112590 70450 125279 14089 123014 145888 47837 174199 7940 143710 76235 162613 160994 120364 156377 118099 41216 52330 100046 700 2111 5151 14589233 1289 3349 4867 192868510 1178 3680 5821 243555707 31 2566 4529 78356744 1124 3654 5451 238756117 1965 3376 5876 198983826 566 3879 4054 268432143 1687 4017 4450 289575084 1268 2782 5424 112711770 
64 4294967295 27219 71994 133233 43944 105183 65286 8925 159540 16158 98674 165263 138745 61862 169408 151325 54247 76148 42574 104459 136741 92786 141532 114041 129859 24752 47626 88286 252 2589 5011 83386801 785 3489 4866 213175678 1514 3960 4254 281046587 451 3118 5203 161008376 1180 2510 5761 72744117 705 3595 5317 230333634 34 3628 4696 233137247 1827 3571 5927 227542652 120 2450 5064 63174730 
64 4294967295 43683 119034 72081 22776 20511 140550 124173 65460 63198 6946 146447 110521 165350 103552 118397 54247 94964 134302 99755 35605 17522 42748 149321 52243 116480 169930 168254 448 3542 5147 221859233 1345 2026 5703 3543486 786 3966 5928 284413083 199 3176 5963 170653928 172 3259 4168 179233269 1601 2589 5737 84892226 1406 2367 5346 51582447 707 2565 5090 79504636 680 2452 5369 63811338 
64 4294967295 22515 50826 168513 105096 27567 93510 131229 77220 121998 68098 40607 124633 167702 160000 97229 18967 43220 164878 71531 172021 137474 153292 139913 38131 88256 148762 10670 196 3906 5596 275590673 533 2397 5117 55170670 1934 3848 4087 264462635 1179 3768 5625 255353368 256 2754 4443 106643493 1041 3991 5010 286621698 1490 2169 5956 24376863 847 3714 4811 245578572 1380 3427 4474 204273562 
64 4294967295 107187 74346 152049 8664 72255 77046 135933 30180 150222 124546 120575 148153 66566 51808 134861 103639 99668 131950 8027 19141 92786 172108 15257 167491 140000 97018 41246 1204 3992 5626 287868113 813 3937 5565 279615758 1738 3098 4141 154835131 31 3514 4055 215581832 788 3177 5064 168864085 845 2560 5146 79621394 1546 2171 5395 23249471 287 3707 4451 244829068 1716 3426 4752 204847450 
64 4294967295 121299 10842 100305 51000 86367 67638 150045 96036 63198 14002 167615 115225 108902 77680 57245 157735 71444 21406 80939 23845 36338 16876 90521 165139 149408 127594 60062 1372 3462 5738 210877745 57 3821 4675 261531230 1122 2198 4641 25777755 535 2144 4392 17124776 956 2227 4810 30176053 733 2110 5256 14815954 1714 2868 5037 124126751 1071 3315 4923 188911052 680 3909 5955 276338058 
64 4294967295 135411 126090 86193 140376 161631 105270 48909 18420 131406 133954 28847 101113 123014 84736 38429 30727 64388 35518 40955 94405 104546 165052 109337 24019 118832 7642 53006 1540 3908 4417 273257489 1429 3067 5374 153245934 954 3147 5204 165086715 1599 2366 4303 49499272 1852 2952 4726 135702453 1181 2229 4447 29448530 510 2309 5261 43259503 147 3538 4591 220721852 1492 2034 5424 2983130 
64 4294967295 81315 50826 41505 18072 60495 124086 20685 154836 58494 164530 33551 30553 111254 150592 12557 44839 132596 146062 175019 103813 149234 108604 74057 153379 92960 139354 64766 896 3236 4109 175076385 533 3602 4359 228409582 422 2307 5538 43821515 143 2477 4731 66562248 648 3769 5736 255564293 1405 3736 5066 250166482 174 3682 5284 242455087 1771 3902 4841 274110684 624 3179 6043 170835178 
