29 4294967295 24144 8469 1920 20724 20308 22991 5140 13907 25462 15470 17899 25118 572 695 1531 2455714 170 1084 1571 13673948 2 1022 1819 11956077 484 1216 1764 17530388 
29 4294967295 7413 12018 15102 11598 11182 8795 21364 24047 9745 25610 4717 17006 143 813 1400 5730596 261 1111 1791 14556804 340 684 1611 2127037 250 850 1831 7114073 
29 4294967295 19074 14046 7497 5514 9154 20963 8182 7316 20392 22061 3703 24611 442 773 1806 4860753 313 658 1712 1443587 145 798 1740 5563821 94 1086 1362 13545875 
29 4294967295 8427 2892 14088 5007 25378 10823 22378 13400 6196 15470 17899 6866 169 1022 1351 11672298 27 1137 1452 15093886 314 722 1571 3222833 81 1214 1518 17374232 
29 4294967295 12483 23679 2934 7035 24871 19442 15280 3767 4675 21554 19927 17006 273 1201 1673 17098719 560 955 1271 9763119 28 683 1727 2194468 133 1074 1611 13323978 
29 4294967295 9441 20637 5469 12105 23857 7781 22378 15428 21913 14963 24490 23597 195 1125 1780 14921323 482 1137 1570 15171288 93 1175 1374 16167050 263 1191 1558 16653785 
29 4294967295 8427 21651 12567 6528 13717 25526 7168 19484 3154 21554 18406 4838 169 644 1299 814217 508 747 1674 4035540 275 1035 1829 12340890 120 915 1727 8915444 
29 4294967295 19074 19623 3948 18189 15745 11330 16294 7316 21406 23075 17899 3824 442 1112 1465 14360581 456 967 1362 10190689 54 1022 1766 11924981 419 981 1273 10507931 
29 4294967295 10962 17595 17130 15147 18787 24005 19843 12893 12280 2288 20434 8894 234 878 1403 7598384 404 1087 1233 13470472 392 1045 1790 12691903 341 1072 1505 13263138 
29 4294967295 16032 17595 9525 18696 9154 6767 15787 21512 10252 18512 19420 24104 364 826 1348 6075018 404 798 1793 5598959 197 1061 1649 12975316 432 968 1726 10412784 
29 4294967295 24144 8469 1920 20724 20308 22991 5140 13907 25462 15470 17899 25118 572 695 1531 2455714 170 1084 1571 13673948 2 1022 1819 11956077 484 1216 1764 17530388 
29 4294967295 7413 12018 15102 11598 11182 8795 21364 24047 9745 25610 4717 17006 143 813 1400 5730596 261 1111 1791 14556804 340 684 1611 2127037 250 850 1831 7114073 
29 4294967295 19074 14046 7497 5514 9154 20963 8182 7316 20392 22061 3703 24611 442 773 1806 4860753 313 658 1712 1443587 145 798 1740 5563821 94 1086 1362 13545875 
29 4294967295 8427 2892 14088 5007 25378 10823 22378 13400 6196 15470 17899 6866 169 1022 1351 11672298 27 1137 1452 15093886 314 722 1571 3222833 81 1214 1518 17374232 
29 4294967295 12483 23679 2934 7035 24871 19442 15280 3767 4675 21554 19927 17006 273 1201 1673 17098719 560 955 1271 9763119 28 683 1727 2194468 133 1074 1611 13323978 
29 4294967295 9441 20637 5469 12105 23857 7781 22378 15428 21913 14963 24490 23597 195 1125 1780 14921323 482 1137 1570 15171288 93 1175 1374 16167050 263 1191 1558 16653785 
29 4294967295 8427 21651 12567 6528 13717 25526 7168 19484 3154 21554 18406 4838 169 644 1299 814217 508 747 1674 4035540 275 1035 1829 12340890 120 915 1727 8915444 
29 4294967295 19074 19623 3948 18189 15745 11330 16294 7316 21406 23075 17899 3824 442 1112 1465 14360581 456 967 1362 10190689 54 1022 1766 11924981 419 981 1273 10507931 
29 4294967295 10962 17595 17130 15147 18787 24005 19843 12893 12280 2288 20434 8894 234 878 1403 7598384 404 1087 1233 13470472 392 1045 1790 12691903 341 1072 1505 13263138 
29 4294967295 16032 17595 9525 18696 9154 6767 15787 21512 10252 18512 19420 24104 364 826 1348 6075018 404 798 1793 5598959 197 1061 1649 12975316 432 968 1726 10412784 
