57 4294967295 122928 108006 66834 29412 68865 80193 91521 39102 54277 107357 104980 23060 76933 83138 90136 17591 112714 10169 15292 64622 88495 53450 99823 6602 1575 2259 3997 67964176 1376 2715 4244 114439202 827 2737 3224 115345478 328 2866 3848 129133004 854 2935 3271 135906155 1005 1739 3443 13309931 1156 2561 3370 97673707 457 3038 4567 148216234 
57 4294967295 85428 68631 104334 40662 18240 91443 72771 89727 7402 101732 88105 24935 108808 116888 58261 43841 22714 38294 54667 79622 103495 85325 11698 107852 1075 1691 4273 9511676 851 2915 3468 133666077 1327 2264 4492 68757978 478 2312 4574 73976754 179 1838 3646 23849280 1155 2710 3720 113593681 906 2986 4694 143307457 1132 1634 4197 4273109 
57 4294967295 66678 48006 49959 74412 106365 68943 14646 33477 22402 97982 56230 6185 91933 105638 123886 94466 26464 12044 24667 103997 109120 89075 17323 72227 825 1864 3296 25865426 576 2285 4442 71219202 602 1834 4522 25259853 928 1888 4395 30188004 1354 2990 4323 142718655 855 3187 4099 162826181 131 2761 4544 120008082 382 1766 3218 15494359 
57 4294967295 66678 38631 31209 83787 115740 87693 7146 123477 46777 17357 65605 96185 69433 115013 92011 79466 118339 100169 11542 42122 43495 49700 51073 45977 825 3113 3367 153985426 451 2115 4195 52896077 352 1689 4471 9813603 1053 2159 3749 57311129 1479 2216 3798 62521780 1105 2461 4669 89512431 31 2410 4418 83965582 1582 2762 3697 118684359 
57 4294967295 64803 40506 53709 121287 96990 112068 14646 25977 84277 19232 11230 17435 45058 73763 93886 81341 60214 118919 114667 21497 58495 79700 62323 8477 800 2315 4721 74224801 476 2659 4119 109096702 652 2338 3249 74421103 1553 1685 3368 8083629 1229 3064 4220 150235530 1430 2136 4198 55480556 131 2787 3422 120768082 282 2366 3392 77211859 
57 4294967295 122928 102381 36834 85662 66990 59568 87771 39102 11152 45482 33730 81185 118183 94388 50761 90716 52714 15794 24667 66497 5995 120950 84823 47852 1575 2666 4748 110124176 1301 1864 3346 25957327 427 3111 3774 154615478 1078 2238 4218 65751754 829 1615 4022 1425530 730 1684 4394 9703056 1106 1985 3742 39392457 457 2212 4345 63376234 
57 4294967295 115428 117381 91209 121287 25740 40818 87771 42852 119902 96107 16855 62435 30058 98138 107011 8216 47089 45794 39667 83372 84745 55325 9823 87227 1475 1760 4444 17481676 1501 1936 4299 35162327 1152 2064 4417 48153603 1553 3134 3968 157523629 279 1666 3245 5291780 480 2163 3746 57296806 1106 2665 3873 108712457 507 2962 4247 140017484 
57 4294967295 6678 68631 96834 10662 117615 27693 46521 14727 39277 96107 74980 105560 123808 13763 56386 71966 60214 43919 73417 92747 5995 87200 45448 10352 25 2141 3274 53965426 851 2338 4095 75786077 1227 2287 4543 71395478 78 1615 3319 286754 1504 2535 4298 96602405 305 2514 4372 94132431 556 2059 4417 48138707 132 3186 3721 162208109 
57 4294967295 92928 34881 113709 95037 16365 117693 76521 119727 69277 21107 9355 66185 75058 98138 90136 116966 48964 68294 28417 102122 88495 23450 37948 113477 1175 1914 4649 33154176 401 2041 4497 45694827 1452 2715 4444 114761103 1203 2188 4695 61394879 154 2536 3417 95168655 1505 2459 4018 88482431 956 1660 3448 5628707 1532 2737 4046 116683109 
57 4294967295 19803 78006 100584 5037 68865 85818 22146 16602 114277 99857 41230 68060 58183 103763 92011 81341 7714 40169 116542 53372 49120 74075 111073 47852 200 3016 4123 144929801 976 2762 4467 119909202 1277 3059 4519 150716728 3 3089 3847 152164879 854 1638 4220 4306155 1080 2311 3671 72551806 231 2190 3774 59890582 157 2085 4043 50088734 
57 4294967295 122928 108006 66834 29412 68865 80193 91521 39102 54277 107357 104980 23060 76933 83138 90136 17591 112714 10169 15292 64622 88495 53450 99823 6602 1575 2259 3997 67964176 1376 2715 4244 114439202 827 2737 3224 115345478 328 2866 3848 129133004 854 2935 3271 135906155 1005 1739 3443 13309931 1156 2561 3370 97673707 457 3038 4567 148216234 
57 4294967295 85428 68631 104334 40662 18240 91443 72771 89727 7402 101732 88105 24935 108808 116888 58261 43841 22714 38294 54667 79622 103495 85325 11698 107852 1075 1691 4273 9511676 851 2915 3468 133666077 1327 2264 4492 68757978 478 2312 4574 73976754 179 1838 3646 23849280 1155 2710 3720 113593681 906 2986 4694 143307457 1132 1634 4197 4273109 
57 4294967295 66678 48006 49959 74412 106365 68943 14646 33477 22402 97982 56230 6185 91933 105638 123886 94466 26464 12044 24667 103997 109120 89075 17323 72227 825 1864 3296 25865426 576 2285 4442 71219202 602 1834 4522 25259853 928 1888 4395 30188004 1354 2990 4323 142718655 855 3187 4099 162826181 131 2761 4544 120008082 382 1766 3218 15494359 
57 4294967295 66678 38631 31209 83787 115740 87693 7146 123477 46777 17357 65605 96185 69433 115013 92011 79466 118339 100169 11542 42122 43495 49700 51073 45977 825 3113 3367 153985426 451 2115 4195 52896077 352 1689 4471 9813603 1053 2159 3749 57311129 1479 2216 3798 62521780 1105 2461 4669 89512431 31 2410 4418 83965582 1582 2762 3697 118684359 
57 4294967295 64803 40506 53709 121287 96990 112068 14646 25977 84277 19232 11230 17435 45058 73763 93886 81341 60214 118919 114667 21497 58495 79700 62323 8477 800 2315 4721 74224801 476 2659 4119 109096702 652 2338 3249 74421103 1553 1685 3368 8083629 1229 3064 4220 150235530 1430 2136 4198 55480556 131 2787 3422 120768082 282 2366 3392 77211859 
57 4294967295 122928 102381 36834 85662 66990 59568 87771 39102 11152 45482 33730 81185 118183 94388 50761 90716 52714 15794 24667 66497 5995 120950 84823 47852 1575 2666 4748 110124176 1301 1864 3346 25957327 427 3111 3774 154615478 1078 2238 4218 65751754 829 1615 4022 1425530 730 1684 4394 9703056 1106 1985 3742 39392457 457 2212 4345 63376234 
57 4294967295 115428 117381 91209 121287 25740 40818 87771 42852 119902 96107 16855 62435 30058 98138 107011 8216 47089 45794 39667 83372 84745 55325 9823 87227 1475 1760 4444 17481676 1501 1936 4299 35162327 1152 2064 4417 48153603 1553 3134 3968 157523629 279 1666 3245 5291780 480 2163 3746 57296806 1106 2665 3873 108712457 507 2962 4247 140017484 
57 4294967295 6678 68631 96834 10662 117615 27693 46521 14727 39277 96107 74980 105560 123808 13763 56386 71966 60214 43919 73417 92747 5995 87200 45448 10352 25 2141 3274 53965426 851 2338 4095 75786077 1227 2287 4543 71395478 78 1615 3319 286754 1504 2535 4298 96602405 305 2514 4372 94132431 556 2059 4417 48138707 132 3186 3721 162208109 
57 4294967295 92928 34881 113709 95037 16365 117693 76521 119727 69277 21107 9355 66185 75058 98138 90136 116966 48964 68294 28417 102122 88495 23450 37948 113477 1175 1914 4649 33154176 401 2041 4497 45694827 1452 2715 4444 114761103 1203 2188 4695 61394879 154 2536 3417 95168655 1505 2459 4018 88482431 956 1660 3448 5628707 1532 2737 4046 116683109 
57 4294967295 19803 78006 100584 5037 68865 85818 22146 16602 114277 99857 41230 68060 58183 103763 92011 81341 7714 40169 116542 53372 49120 74075 111073 47852 200 3016 4123 144929801 976 2762 4467 119909202 1277 3059 4519 150716728 3 3089 3847 152164879 854 1638 4220 4306155 1080 2311 3671 72551806 231 2190 3774 59890582 157 2085 4043 50088734 
