71 4294967295 122856 62409 13494 128910 5037 85857 51357 94698 138039 45882 83578 35474 60706 29897 118462 67472 49366 38738 58111 128207 147580 122537 104431 27494 107410 79484 32548 137213 72142 18230 1271 2152 3904 47036952 621 2275 3345 55761903 95 2030 3371 36573648 1336 2124 3466 43963770 4 2622 4367 83755929 873 1849 4428 23816469 502 2773 3775 94870919 968 2654 4525 86428566 1434 2398 3431 65541263 443 3086 3246 118077244 
71 4294967295 36366 85473 140346 10707 103059 80091 16761 83166 8304 92010 118174 61421 14578 47195 109813 73238 32068 102164 52345 108026 127399 139835 90016 7313 41101 27590 44080 114149 63493 55709 341 1941 4211 30671122 869 2182 3557 48898441 1459 2062 3710 39546982 65 2770 3837 94953469 1058 2680 3128 86671603 811 2869 3346 101415297 130 2467 4553 72035637 844 1656 4148 8968122 39 1844 4277 23550368 939 1973 3649 32227270 
71 4294967295 59430 114303 74037 117378 79995 65676 140730 34155 28485 83361 135472 70070 17461 90440 57919 9812 121441 53153 32164 108026 78388 41813 101548 139931 95878 65069 49846 44957 147100 87422 589 2530 3990 75989960 1179 2805 4211 97967101 746 2591 3533 80079079 1212 2035 4022 37617326 810 1845 4554 24006715 656 2342 3155 60279692 1463 2956 3621 109075460 317 3081 3803 118938235 256 1687 3499 10343345 846 2122 3749 44381037 
71 4294967295 65196 36462 108633 111612 77112 57027 8112 114879 123624 25701 17269 21059 75121 96206 104047 139547 81079 12791 6217 24419 40909 99473 29473 56324 61282 36239 72910 88202 121153 130667 651 2283 3276 55666732 342 2307 3439 58299904 1118 2802 4084 97773011 1150 2158 3655 46648804 779 1939 3998 30348354 563 1566 3187 262359 37 1816 4550 21580254 1185 2371 3312 62938843 1279 2618 4119 83411058 226 1685 4455 11831967 
71 4294967295 91143 39345 36558 117378 137655 25314 8112 83166 42900 80478 74929 87368 69355 32780 52153 133781 17653 47387 135952 64781 121633 131186 29473 116867 49750 36239 61378 99734 77908 101837 930 1816 3402 19830081 373 2337 3989 61568265 343 2245 4145 54600086 1212 1689 3746 10757376 1430 2060 4488 40747335 222 2159 3439 46283688 37 2305 4460 59876104 844 2034 4122 37750072 411 2807 4306 98087450 815 2961 3559 108959276 
71 4294967295 94026 137367 131697 126027 28101 45495 16761 123528 14070 51648 66280 75836 129898 21248 147292 35759 144505 122345 69643 108026 115867 113888 6409 56324 23803 27590 58495 111266 118270 73007 961 2128 4246 45153392 1427 3083 4211 119597289 1366 2745 3835 92591299 1305 2248 4365 54966259 252 1755 3655 15388467 439 1568 4274 1940265 130 2212 3865 51758537 1278 2771 3346 94222276 101 2896 3278 103699690 505 3053 3434 115964966 
71 4294967295 42132 117186 137463 85665 126123 94506 22527 132177 89028 17052 48982 55655 57823 61610 72334 125132 112792 142526 20632 53249 69739 36047 9292 145697 130474 93899 98857 47840 66376 64358 403 2712 3742 90014794 1210 2026 3437 36704312 1428 1599 3564 3268271 871 2213 3712 51541255 1306 2902 4395 105466841 966 2277 4582 57694602 192 2249 3648 53826609 1371 2562 4059 78512809 907 2121 3622 44190726 133 1721 4616 14471834 
71 4294967295 134388 143133 76920 126027 5037 74325 109017 48570 8304 123723 28801 139262 101068 64493 17557 84770 98377 67568 20632 35951 46675 15866 147676 90920 61282 131378 12367 93968 115387 73007 1395 2001 3743 34788046 1489 1688 4462 11871111 777 1721 3436 12665890 1305 1809 3961 20706609 4 2158 4060 47237929 749 3087 3220 118038675 1122 2586 4027 80859539 472 2557 3776 78052490 39 1632 4547 7165318 1280 2740 3835 92588641 
71 4294967295 99792 10515 82686 91431 108825 22431 137847 86049 19836 8403 80695 35474 63589 145217 112696 53057 124324 96398 147484 108026 32260 136952 130378 50558 142006 122729 127687 73787 17365 15347 1023 1846 4086 23292564 63 2901 3620 104227055 839 2836 3431 99157812 933 2367 4211 64324477 1120 1686 4369 11715525 191 3026 4522 115234477 1432 2183 3593 48963949 875 3085 3215 118042583 163 2872 4611 103365262 40 2711 3843 90147701 
71 4294967295 56547 13398 33675 62601 126123 54144 97485 39921 86145 51648 23035 12410 20344 76025 46387 116483 6121 79100 121537 139739 144697 119654 61186 113984 9388 27590 93091 102617 80791 136433 558 2500 3346 72577449 94 1718 4275 13942066 312 1998 4302 35619375 623 1747 4153 16168767 1306 1565 3183 285391 532 3055 4517 117647548 998 2806 4552 98490045 379 1600 3900 3764307 876 2157 4336 47697415 505 2368 3867 63782666 
71 4294967295 122856 62409 13494 128910 5037 85857 51357 94698 138039 45882 83578 35474 60706 29897 118462 67472 49366 38738 58111 128207 147580 122537 104431 27494 107410 79484 32548 137213 72142 18230 1271 2152 3904 47036952 621 2275 3345 55761903 95 2030 3371 36573648 1336 2124 3466 43963770 4 2622 4367 83755929 873 1849 4428 23816469 502 2773 3775 94870919 968 2654 4525 86428566 1434 2398 3431 65541263 443 3086 3246 118077244 
71 4294967295 36366 85473 140346 10707 103059 80091 16761 83166 8304 92010 118174 61421 14578 47195 109813 73238 32068 102164 52345 108026 127399 139835 90016 7313 41101 27590 44080 114149 63493 55709 341 1941 4211 30671122 869 2182 3557 48898441 1459 2062 3710 39546982 65 2770 3837 94953469 1058 2680 3128 86671603 811 2869 3346 101415297 130 2467 4553 72035637 844 1656 4148 8968122 39 1844 4277 23550368 939 1973 3649 32227270 
71 4294967295 59430 114303 74037 117378 79995 65676 140730 34155 28485 83361 135472 70070 17461 90440 57919 9812 121441 53153 32164 108026 78388 41813 101548 139931 95878 65069 49846 44957 147100 87422 589 2530 3990 75989960 1179 2805 4211 97967101 746 2591 3533 80079079 1212 2035 4022 37617326 810 1845 4554 24006715 656 2342 3155 60279692 1463 2956 3621 109075460 317 3081 3803 118938235 256 1687 3499 10343345 846 2122 3749 44381037 
71 4294967295 65196 36462 108633 111612 77112 57027 8112 114879 123624 25701 17269 21059 75121 96206 104047 139547 81079 12791 6217 24419 40909 99473 29473 56324 61282 36239 72910 88202 121153 130667 651 2283 3276 55666732 342 2307 3439 58299904 1118 2802 4084 97773011 1150 2158 3655 46648804 779 1939 3998 30348354 563 1566 3187 262359 37 1816 4550 21580254 1185 2371 3312 62938843 1279 2618 4119 83411058 226 1685 4455 11831967 
71 4294967295 91143 39345 36558 117378 137655 25314 8112 83166 42900 80478 74929 87368 69355 32780 52153 133781 17653 47387 135952 64781 121633 131186 29473 116867 49750 36239 61378 99734 77908 101837 930 1816 3402 19830081 373 2337 3989 61568265 343 2245 4145 54600086 1212 1689 3746 10757376 1430 2060 4488 40747335 222 2159 3439 46283688 37 2305 4460 59876104 844 2034 4122 37750072 411 2807 4306 98087450 815 2961 3559 108959276 
71 4294967295 94026 137367 131697 126027 28101 45495 16761 123528 14070 51648 66280 75836 129898 21248 147292 35759 144505 122345 69643 108026 115867 113888 6409 56324 23803 27590 58495 111266 118270 73007 961 2128 4246 45153392 1427 3083 4211 119597289 1366 2745 3835 92591299 1305 2248 4365 54966259 252 1755 3655 15388467 439 1568 4274 1940265 130 2212 3865 51758537 1278 2771 3346 94222276 101 2896 3278 103699690 505 3053 3434 115964966 
71 4294967295 42132 117186 137463 85665 126123 94506 22527 132177 89028 17052 48982 55655 57823 61610 72334 125132 112792 142526 20632 53249 69739 36047 9292 145697 130474 93899 98857 47840 66376 64358 403 2712 3742 90014794 1210 2026 3437 36704312 1428 1599 3564 3268271 871 2213 3712 51541255 1306 2902 4395 105466841 966 2277 4582 57694602 192 2249 3648 53826609 1371 2562 4059 78512809 907 2121 3622 44190726 133 1721 4616 14471834 
71 4294967295 134388 143133 76920 126027 5037 74325 109017 48570 8304 123723 28801 139262 101068 64493 17557 84770 98377 67568 20632 35951 46675 15866 147676 90920 61282 131378 12367 93968 115387 73007 1395 2001 3743 34788046 1489 1688 4462 11871111 777 1721 3436 12665890 1305 1809 3961 20706609 4 2158 4060 47237929 749 3087 3220 118038675 1122 2586 4027 80859539 472 2557 3776 78052490 39 1632 4547 7165318 1280 2740 3835 92588641 
71 4294967295 99792 10515 82686 91431 108825 22431 137847 86049 19836 8403 80695 35474 63589 145217 112696 53057 124324 96398 147484 108026 32260 136952 130378 50558 142006 122729 127687 73787 17365 15347 1023 1846 4086 23292564 63 2901 3620 104227055 839 2836 3431 99157812 933 2367 4211 64324477 1120 1686 4369 11715525 191 3026 4522 115234477 1432 2183 3593 48963949 875 3085 3215 118042583 163 2872 4611 103365262 40 2711 3843 90147701 
71 4294967295 56547 13398 33675 62601 126123 54144 97485 39921 86145 51648 23035 12410 20344 76025 46387 116483 6121 79100 121537 139739 144697 119654 61186 113984 9388 27590 93091 102617 80791 136433 558 2500 3346 72577449 94 1718 4275 13942066 312 1998 4302 35619375 623 1747 4153 16168767 1306 1565 3183 285391 532 3055 4517 117647548 998 2806 4552 98490045 379 1600 3900 3764307 876 2157 4336 47697415 505 2368 3867 63782666 
