64 4294967295 107439 34614 4125 91236 88971 100818 18585 58656 112842 65998 78491 110773 24482 52060 29273 96835 45824 103978 50615 68785 81278 17128 62549 47791 32060 57286 88538 1232 2506 3329 73771293 365 2054 3552 46332106 2 1950 3130 38841799 1039 2087 3519 48045988 1012 1472 2876 9096897 1153 1888 2933 35152382 174 2421 3639 68951435 651 1837 3187 32006248 1296 2587 2966 78489638 
64 4294967295 29823 51078 65277 48900 46635 34962 93849 105696 39930 113038 17339 73141 26834 99100 104537 87427 71696 42826 29447 92305 62462 108856 102533 12511 86156 64342 34442 308 2564 3829 77872397 561 2614 2935 80164058 730 2448 2791 69593415 535 1778 2995 28281348 508 2367 3805 65718161 369 2139 3328 51233006 1070 2309 3438 61791163 1211 2034 3610 44697640 428 1417 2904 5653686 
64 4294967295 83919 60486 29997 20676 37227 91410 32697 28080 89322 96574 12635 108421 102098 26188 66905 23923 15248 63994 69431 59377 78926 50056 100181 106591 36764 83158 43850 952 1553 3381 14954045 673 1975 3107 40555594 310 2418 3777 69139479 199 1580 3022 16185796 396 2258 3524 58419121 1041 2030 3800 44950814 342 2537 2735 74704427 287 2559 2766 76471592 1016 1864 3411 34043110 
64 4294967295 34527 8742 60573 18324 112491 44370 98553 56304 23466 65998 78491 26101 97394 49708 95129 73315 64640 31066 55319 38209 69518 92392 29621 101887 60284 22006 112058 364 1638 3354 20096301 57 1860 3302 33868858 674 2481 2937 71507943 171 1723 3519 25507556 1292 1579 3744 17174449 481 2141 3717 51752014 1126 2368 3243 64998507 623 2054 3919 46818360 232 1530 3412 13238886 
64 4294967295 53343 105174 8829 27732 110139 84354 65625 11616 16410 94222 87899 73141 80930 92044 62201 19219 50528 99274 109415 5281 57758 43000 64901 24271 90860 59638 72074 588 2390 3325 66825837 1205 1331 3548 1327370 58 2450 3666 70716887 283 2139 3887 51967556 1264 2364 3186 64928673 957 1978 3631 41263662 734 1497 3357 11447387 91 1780 3272 28637400 148 1557 3443 15005238 
64 4294967295 39231 91062 20589 51252 105435 30258 98553 65712 96378 63646 109067 103717 55058 68524 17513 26275 38768 47530 90599 35857 114206 24184 74309 45439 8540 78454 10922 420 2202 3663 55140317 1037 1581 3469 16798826 198 2084 2686 46916999 563 2026 3883 45047972 1208 1695 2715 22736145 313 2503 3240 73635022 1126 1556 3944 15695883 735 1834 3046 31824360 1100 1809 2793 29771094 
64 4294967295 34527 95766 53517 25380 58395 112578 27993 84528 9354 94222 80843 16693 15074 30892 71609 108595 41120 82810 67079 45265 38942 99448 8453 24271 93212 12598 50906 364 2561 3694 77689725 1093 2452 3547 70598474 590 1557 2764 14133255 255 2254 2685 57309732 648 1636 3191 19883169 1293 1467 3383 9768030 286 1418 3437 6349819 959 2390 3048 66467752 64 1807 3074 30110566 
64 4294967295 83919 86358 13533 79476 67803 46722 70329 28080 94026 101278 78491 11989 62114 59116 45737 103891 114032 33418 43559 108769 97742 7720 93125 5455 107324 83158 55610 952 2474 3862 72731709 981 2505 3247 73653722 114 1411 3129 5939671 899 1360 3103 2461092 760 1666 3324 21802401 509 1333 3748 1565822 790 1972 3693 41332683 287 2258 3519 58416072 1072 2563 3942 78041190 
64 4294967295 46287 76950 74685 65364 81915 105522 86793 53952 51690 4846 90251 35509 73874 70876 24569 96835 69344 45178 27095 7633 114206 28888 20213 43087 32060 61990 41498 504 2421 2877 67965773 869 1806 3659 30906906 842 2006 3410 42697511 731 1691 2825 22870180 928 1781 3079 28402897 1209 1359 2907 2211838 986 1612 3464 18529259 595 2112 2966 49028456 568 1326 3944 1825414 
64 4294967295 69807 76950 39405 81828 37227 25554 67977 93936 42282 80110 85547 106069 31538 75580 88073 12163 22304 5194 74135 61729 34238 108856 93125 14863 17948 64342 60314 784 2003 2798 41885229 869 2034 2850 43693162 422 1330 3603 1379143 927 1413 2960 5741348 396 2531 3633 75885073 257 2222 3303 56388590 762 2168 3467 53160107 1071 2564 2992 76788328 456 1445 3693 8418070 
64 4294967295 107439 34614 4125 91236 88971 100818 18585 58656 112842 65998 78491 110773 24482 52060 29273 96835 45824 103978 50615 68785 81278 17128 62549 47791 32060 57286 88538 1232 2506 3329 73771293 365 2054 3552 46332106 2 1950 3130 38841799 1039 2087 3519 48045988 1012 1472 2876 9096897 1153 1888 2933 35152382 174 2421 3639 68951435 651 1837 3187 32006248 1296 2587 2966 78489638 
64 4294967295 29823 51078 65277 48900 46635 34962 93849 105696 39930 113038 17339 73141 26834 99100 104537 87427 71696 42826 29447 92305 62462 108856 102533 12511 86156 64342 34442 308 2564 3829 77872397 561 2614 2935 80164058 730 2448 2791 69593415 535 1778 2995 28281348 508 2367 3805 65718161 369 2139 3328 51233006 1070 2309 3438 61791163 1211 2034 3610 44697640 428 1417 2904 5653686 
64 4294967295 83919 60486 29997 20676 37227 91410 32697 28080 89322 96574 12635 108421 102098 26188 66905 23923 15248 63994 69431 59377 78926 50056 100181 106591 36764 83158 43850 952 1553 3381 14954045 673 1975 3107 40555594 310 2418 3777 69139479 199 1580 3022 16185796 396 2258 3524 58419121 1041 2030 3800 44950814 342 2537 2735 74704427 287 2559 2766 76471592 1016 1864 3411 34043110 
64 4294967295 34527 8742 60573 18324 112491 44370 98553 56304 23466 65998 78491 26101 97394 49708 95129 73315 64640 31066 55319 38209 69518 92392 29621 101887 60284 22006 112058 364 1638 3354 20096301 57 1860 3302 33868858 674 2481 2937 71507943 171 1723 3519 25507556 1292 1579 3744 17174449 481 2141 3717 51752014 1126 2368 3243 64998507 623 2054 3919 46818360 232 1530 3412 13238886 
64 4294967295 53343 105174 8829 27732 110139 84354 65625 11616 16410 94222 87899 73141 80930 92044 62201 19219 50528 99274 109415 5281 57758 43000 64901 24271 90860 59638 72074 588 2390 3325 66825837 1205 1331 3548 1327370 58 2450 3666 70716887 283 2139 3887 51967556 1264 2364 3186 64928673 957 1978 3631 41263662 734 1497 3357 11447387 91 1780 3272 28637400 148 1557 3443 15005238 
64 4294967295 39231 91062 20589 51252 105435 30258 98553 65712 96378 63646 109067 103717 55058 68524 17513 26275 38768 47530 90599 35857 114206 24184 74309 45439 8540 78454 10922 420 2202 3663 55140317 1037 1581 3469 16798826 198 2084 2686 46916999 563 2026 3883 45047972 1208 1695 2715 22736145 313 2503 3240 73635022 1126 1556 3944 15695883 735 1834 3046 31824360 1100 1809 2793 29771094 
64 4294967295 34527 95766 53517 25380 58395 112578 27993 84528 9354 94222 80843 16693 15074 30892 71609 108595 41120 82810 67079 45265 38942 99448 8453 24271 93212 12598 50906 364 2561 3694 77689725 1093 2452 3547 70598474 590 1557 2764 14133255 255 2254 2685 57309732 648 1636 3191 19883169 1293 1467 3383 9768030 286 1418 3437 6349819 959 2390 3048 66467752 64 1807 3074 30110566 
64 4294967295 83919 86358 13533 79476 67803 46722 70329 28080 94026 101278 78491 11989 62114 59116 45737 103891 114032 33418 43559 108769 97742 7720 93125 5455 107324 83158 55610 952 2474 3862 72731709 981 2505 3247 73653722 114 1411 3129 5939671 899 1360 3103 2461092 760 1666 3324 21802401 509 1333 3748 1565822 790 1972 3693 41332683 287 2258 3519 58416072 1072 2563 3942 78041190 
64 4294967295 46287 76950 74685 65364 81915 105522 86793 53952 51690 4846 90251 35509 73874 70876 24569 96835 69344 45178 27095 7633 114206 28888 20213 43087 32060 61990 41498 504 2421 2877 67965773 869 1806 3659 30906906 842 2006 3410 42697511 731 1691 2825 22870180 928 1781 3079 28402897 1209 1359 2907 2211838 986 1612 3464 18529259 595 2112 2966 49028456 568 1326 3944 1825414 
64 4294967295 69807 76950 39405 81828 37227 25554 67977 93936 42282 80110 85547 106069 31538 75580 88073 12163 22304 5194 74135 61729 34238 108856 93125 14863 17948 64342 60314 784 2003 2798 41885229 869 2034 2850 43693162 422 1330 3603 1379143 927 1413 2960 5741348 396 2531 3633 75885073 257 2222 3303 56388590 762 2168 3467 53160107 1071 2564 2992 76788328 456 1445 3693 8418070 
