57 4294967295 29928 26256 22584 28287 32115 37818 9771 15477 21277 19982 43855 35060 12058 3263 36511 25841 8464 14669 4792 46622 42370 18575 40573 7352 375 688 1520 1316176 326 859 1643 3909952 277 1062 1219 6533728 353 1116 1442 7390629 404 1140 1274 7646905 480 639 1423 538806 106 736 1371 1939457 182 1160 1797 8316359 
57 4294967295 7428 39381 31959 20787 17115 35943 9771 19227 28777 12482 43855 6935 30808 5138 25261 35216 45964 3419 16042 39122 42370 24200 14323 27977 75 789 1498 2733676 501 1160 1221 7979327 402 959 1549 5291853 253 986 1645 5708129 204 912 1244 4386905 455 1140 1268 7648181 106 1188 1697 8614457 232 766 1342 2287609 
57 4294967295 3678 5631 7584 9537 28365 35943 11646 34227 26902 23732 32605 21935 19558 40763 45886 16466 2839 44669 38542 18497 14245 26075 42448 31727 25 836 1422 3407426 51 1010 1599 6033077 77 765 1719 2508728 103 934 1523 4909379 354 1141 1492 7780655 455 1187 1468 8488181 131 1089 1771 7220082 432 613 1395 162609 
57 4294967295 18678 5631 43209 39537 33990 9693 4146 41727 13777 3107 45730 18185 28933 16388 30886 12716 32839 25919 8542 39122 27370 24200 36823 22352 225 1185 1217 8332426 51 759 1474 2358077 552 689 1521 1320603 503 940 1394 4844379 429 961 1418 5217530 105 1013 1697 6094431 31 987 1498 5612582 532 1066 1345 6615109 
57 4294967295 31803 39381 11334 3912 17115 20943 26646 37977 15652 23732 45730 29435 30808 10763 34636 42716 25339 44669 2917 37247 19870 9200 14323 7352 400 784 1771 2906801 501 986 1568 5669327 127 840 1274 3319978 28 614 1298 92504 204 1185 1745 8646905 255 766 1672 2483181 331 1037 1492 6340082 482 913 1319 4438859 
57 4294967295 14928 28131 41334 3912 30240 26568 34146 13602 36277 23732 8230 20060 40183 46388 44011 10841 17839 3419 21667 25997 6745 33575 12448 39227 175 1111 1794 7596176 351 741 1221 1855577 527 1162 1443 8114978 28 1059 1522 6707504 379 665 1492 941280 330 685 1699 1420056 431 813 1320 2997582 157 864 1623 3890734 
57 4294967295 37428 30006 5709 3912 26490 7818 22896 36102 19402 29357 32605 3185 45808 40763 17761 22091 10339 44669 12292 16622 42370 26075 34948 14852 475 739 1771 2188676 376 812 1567 3146202 52 834 1719 3588103 28 1186 1470 8477504 329 713 1218 1495030 80 1010 1374 5898806 281 1041 1397 6278832 457 1140 1523 7798234 
57 4294967295 3678 24381 16959 15162 39615 35943 21021 32352 19402 38732 34480 42560 45808 10763 2761 44591 27214 7169 29167 14747 8620 31700 23698 12977 25 834 1271 3317426 301 938 1372 4824327 202 891 1770 4341853 178 612 1319 111254 504 1035 1598 6404405 455 964 1692 5383181 256 690 1743 1448207 407 1186 1349 8411984 
57 4294967295 14928 16881 43209 22662 13365 35943 2271 45477 4402 38732 19480 27560 30808 40763 32761 42716 12214 29669 21667 9122 10495 26075 34948 7352 175 715 1719 1791176 201 738 1692 2136827 552 1012 1571 6030603 278 835 1745 3608754 154 986 1274 5480655 455 864 1523 3838181 6 634 1297 451957 582 1041 1543 6376359 
57 4294967295 16803 15006 33834 26412 30240 45318 28521 24852 6277 42482 43855 8810 40183 10763 23386 37091 2839 33419 38542 20372 4870 14825 12448 22352 200 1089 1474 7041801 176 887 1670 4281202 427 1111 1742 7572478 328 1160 1373 8065004 379 613 1621 296280 580 741 1293 1906306 356 659 1319 835707 307 640 1447 549484 
57 4294967295 29928 26256 22584 28287 32115 37818 9771 15477 21277 19982 43855 35060 12058 3263 36511 25841 8464 14669 4792 46622 42370 18575 40573 7352 375 688 1520 1316176 326 859 1643 3909952 277 1062 1219 6533728 353 1116 1442 7390629 404 1140 1274 7646905 480 639 1423 538806 106 736 1371 1939457 182 1160 1797 8316359 
57 4294967295 7428 39381 31959 20787 17115 35943 9771 19227 28777 12482 43855 6935 30808 5138 25261 35216 45964 3419 16042 39122 42370 24200 14323 27977 75 789 1498 2733676 501 1160 1221 7979327 402 959 1549 5291853 253 986 1645 5708129 204 912 1244 4386905 455 1140 1268 7648181 106 1188 1697 8614457 232 766 1342 2287609 
57 4294967295 3678 5631 7584 9537 28365 35943 11646 34227 26902 23732 32605 21935 19558 40763 45886 16466 2839 44669 38542 18497 14245 26075 42448 31727 25 836 1422 3407426 51 1010 1599 6033077 77 765 1719 2508728 103 934 1523 4909379 354 1141 1492 7780655 455 1187 1468 8488181 131 1089 1771 7220082 432 613 1395 162609 
57 4294967295 18678 5631 43209 39537 33990 9693 4146 41727 13777 3107 45730 18185 28933 16388 30886 12716 32839 25919 8542 39122 27370 24200 36823 22352 225 1185 1217 8332426 51 759 1474 2358077 552 689 1521 1320603 503 940 1394 4844379 429 961 1418 5217530 105 1013 1697 6094431 31 987 1498 5612582 532 1066 1345 6615109 
57 4294967295 31803 39381 11334 3912 17115 20943 26646 37977 15652 23732 45730 29435 30808 10763 34636 42716 25339 44669 2917 37247 19870 9200 14323 7352 400 784 1771 2906801 501 986 1568 5669327 127 840 1274 3319978 28 614 1298 92504 204 1185 1745 8646905 255 766 1672 2483181 331 1037 1492 6340082 482 913 1319 4438859 
57 4294967295 14928 28131 41334 3912 30240 26568 34146 13602 36277 23732 8230 20060 40183 46388 44011 10841 17839 3419 21667 25997 6745 33575 12448 39227 175 1111 1794 7596176 351 741 1221 1855577 527 1162 1443 8114978 28 1059 1522 6707504 379 665 1492 941280 330 685 1699 1420056 431 813 1320 2997582 157 864 1623 3890734 
57 4294967295 37428 30006 5709 3912 26490 7818 22896 36102 19402 29357 32605 3185 45808 40763 17761 22091 10339 44669 12292 16622 42370 26075 34948 14852 475 739 1771 2188676 376 812 1567 3146202 52 834 1719 3588103 28 1186 1470 8477504 329 713 1218 1495030 80 1010 1374 5898806 281 1041 1397 6278832 457 1140 1523 7798234 
57 4294967295 3678 24381 16959 15162 39615 35943 21021 32352 19402 38732 34480 42560 45808 10763 2761 44591 27214 7169 29167 14747 8620 31700 23698 12977 25 834 1271 3317426 301 938 1372 4824327 202 891 1770 4341853 178 612 1319 111254 504 1035 1598 6404405 455 964 1692 5383181 256 690 1743 1448207 407 1186 1349 8411984 
57 4294967295 14928 16881 43209 22662 13365 35943 2271 45477 4402 38732 19480 27560 30808 40763 32761 42716 12214 29669 21667 9122 10495 26075 34948 7352 175 715 1719 1791176 201 738 1692 2136827 552 1012 1571 6030603 278 835 1745 3608754 154 986 1274 5480655 455 864 1523 3838181 6 634 1297 451957 582 1041 1543 6376359 
57 4294967295 16803 15006 33834 26412 30240 45318 28521 24852 6277 42482 43855 8810 40183 10763 23386 37091 2839 33419 38542 20372 4870 14825 12448 22352 200 1089 1474 7041801 176 887 1670 4281202 427 1111 1742 7572478 328 1160 1373 8065004 379 613 1621 296280 580 741 1293 1906306 356 659 1319 835707 307 640 1447 549484 
