29 4294967295 4410 8001 9564 10116 5644 6806 11263 3806 8770 9425 10840 2849 91 408 623 760514 183 541 647 1587107 223 488 791 1301342 237 552 724 1691916 
29 4294967295 5424 8001 6015 9102 4630 1736 9742 2285 2686 8918 3742 10961 117 359 594 426232 183 513 778 1460695 132 332 608 266555 211 382 831 657974 
29 4294967295 10494 1917 7029 10116 5644 9341 1630 11918 6742 7904 4249 3356 247 372 855 584078 27 305 752 142495 158 408 789 809721 237 436 636 929726 
29 4294967295 8466 10536 1959 1497 9193 8327 2644 6848 5221 7904 4249 10454 195 372 725 546222 248 397 752 717940 28 331 818 324691 16 499 763 1373013 
29 4294967295 6945 11043 4494 3525 3109 7820 5179 6848 9277 1820 4249 6398 156 501 725 1363675 261 372 596 509901 93 343 750 388742 68 396 714 704449 
29 4294967295 1368 6480 5001 9102 10207 9848 8728 2792 3700 6383 8305 4877 13 358 802 484368 144 476 713 1196210 106 487 621 1251487 211 525 675 1513114 
29 4294967295 4410 10029 945 3018 11728 11369 9742 7355 9277 6890 1714 2849 91 307 623 106146 235 501 726 1364703 2 564 841 1804117 55 513 738 1447880 
29 4294967295 8466 6987 5508 2511 6151 9848 7714 8369 1165 2327 6784 3863 195 461 764 1129948 157 293 649 32645 119 437 802 976524 42 421 609 837959 
29 4294967295 4410 9522 8550 7581 4123 10862 6193 1271 3700 1820 3235 5384 91 346 596 344098 222 422 582 832860 197 358 828 494198 172 369 688 534773 
29 4294967295 2889 10029 3987 7581 2095 2750 9235 9890 7249 8918 10840 11468 52 449 620 1005395 235 317 844 253021 80 541 778 1622949 172 500 803 1386195 
29 4294967295 4410 8001 9564 10116 5644 6806 11263 3806 8770 9425 10840 2849 91 408 623 760514 183 541 647 1587107 223 488 791 1301342 237 552 724 1691916 
29 4294967295 5424 8001 6015 9102 4630 1736 9742 2285 2686 8918 3742 10961 117 359 594 426232 183 513 778 1460695 132 332 608 266555 211 382 831 657974 
29 4294967295 10494 1917 7029 10116 5644 9341 1630 11918 6742 7904 4249 3356 247 372 855 584078 27 305 752 142495 158 408 789 809721 237 436 636 929726 
29 4294967295 8466 10536 1959 1497 9193 8327 2644 6848 5221 7904 4249 10454 195 372 725 546222 248 397 752 717940 28 331 818 324691 16 499 763 1373013 
29 4294967295 6945 11043 4494 3525 3109 7820 5179 6848 9277 1820 4249 6398 156 501 725 1363675 261 372 596 509901 93 343 750 388742 68 396 714 704449 
29 4294967295 1368 6480 5001 9102 10207 9848 8728 2792 3700 6383 8305 4877 13 358 802 484368 144 476 713 1196210 106 487 621 1251487 211 525 675 1513114 
29 4294967295 4410 10029 945 3018 11728 11369 9742 7355 9277 6890 1714 2849 91 307 623 106146 235 501 726 1364703 2 564 841 1804117 55 513 738 1447880 
29 4294967295 8466 6987 5508 2511 6151 9848 7714 8369 1165 2327 6784 3863 195 461 764 1129948 157 293 649 32645 119 437 802 976524 42 421 609 837959 
29 4294967295 4410 9522 8550 7581 4123 10862 6193 1271 3700 1820 3235 5384 91 346 596 344098 222 422 582 832860 197 358 828 494198 172 369 688 534773 
29 4294967295 2889 10029 3987 7581 2095 2750 9235 9890 7249 8918 10840 11468 52 449 620 1005395 235 317 844 253021 80 541 778 1622949 172 500 803 1386195 
