29 4294967295 1992 4569 3597 600 4240 2867 5803 1388 1789 5486 3352 6515 39 189 335 57760 105 252 373 186383 80 229 467 151583 3 292 440 268208 
29 4294967295 1992 5076 6132 2628 3226 4895 3775 1388 1789 923 4366 6008 39 226 323 128740 118 255 425 194664 145 189 335 59140 55 240 454 173568 
29 4294967295 978 3048 1569 5670 2719 4895 2254 6458 775 3965 4366 5501 13 201 465 102038 66 163 425 23636 28 213 441 122515 133 255 401 190806 
29 4294967295 5034 1020 2076 4656 6268 839 2761 4430 5845 1937 3859 3473 117 242 321 154090 14 293 349 254152 41 214 413 118628 107 304 389 285784 
29 4294967295 2499 5583 4611 5163 1705 3374 3775 2402 1282 923 6394 4487 52 307 386 285065 131 187 323 56929 106 176 415 46465 120 240 361 160217 
29 4294967295 4020 2541 5118 5670 3226 2360 733 3923 6352 4979 1324 1952 91 162 427 23960 53 177 400 43747 119 226 350 133838 133 306 360 282066 
29 4294967295 4020 5583 555 5163 2719 6416 2254 4937 3310 3965 1324 1952 91 177 350 36128 131 201 401 93433 2 228 464 150569 120 213 426 121685 
29 4294967295 978 5076 6132 600 3733 3374 2254 5951 4324 4979 1831 2966 13 254 427 193298 118 190 386 66900 145 239 452 174736 3 201 376 87716 
29 4294967295 4020 1527 3090 600 5761 3881 1240 2402 2803 4979 5380 6515 91 175 399 44240 27 291 361 256349 67 215 467 127078 3 281 427 241844 
29 4294967295 4527 1527 3597 4149 691 2867 6310 2402 5338 3458 5887 1445 104 280 337 228957 27 161 388 17045 80 305 361 281375 94 294 373 259251 
29 4294967295 1992 4569 3597 600 4240 2867 5803 1388 1789 5486 3352 6515 39 189 335 57760 105 252 373 186383 80 229 467 151583 3 292 440 268208 
29 4294967295 1992 5076 6132 2628 3226 4895 3775 1388 1789 923 4366 6008 39 226 323 128740 118 255 425 194664 145 189 335 59140 55 240 454 173568 
29 4294967295 978 3048 1569 5670 2719 4895 2254 6458 775 3965 4366 5501 13 201 465 102038 66 163 425 23636 28 213 441 122515 133 255 401 190806 
29 4294967295 5034 1020 2076 4656 6268 839 2761 4430 5845 1937 3859 3473 117 242 321 154090 14 293 349 254152 41 214 413 118628 107 304 389 285784 
29 4294967295 2499 5583 4611 5163 1705 3374 3775 2402 1282 923 6394 4487 52 307 386 285065 131 187 323 56929 106 176 415 46465 120 240 361 160217 
29 4294967295 4020 2541 5118 5670 3226 2360 733 3923 6352 4979 1324 1952 91 162 427 23960 53 177 400 43747 119 226 350 133838 133 306 360 282066 
29 4294967295 4020 5583 555 5163 2719 6416 2254 4937 3310 3965 1324 1952 91 177 350 36128 131 201 401 93433 2 228 464 150569 120 213 426 121685 
29 4294967295 978 5076 6132 600 3733 3374 2254 5951 4324 4979 1831 2966 13 254 427 193298 118 190 386 66900 145 239 452 174736 3 201 376 87716 
29 4294967295 4020 1527 3090 600 5761 3881 1240 2402 2803 4979 5380 6515 91 175 399 44240 27 291 361 256349 67 215 467 127078 3 281 427 241844 
29 4294967295 4527 1527 3597 4149 691 2867 6310 2402 5338 3458 5887 1445 104 280 337 228957 27 161 388 17045 80 305 361 281375 94 294 373 259251 
