8 4294967295 678 1330 854 28 194 267 257154 
8 4294967295 678 1618 518 28 218 239 329282 
8 4294967295 966 1090 806 52 174 263 194082 
8 4294967295 774 850 1622 36 154 331 138914 
8 4294967295 1110 1330 422 64 194 231 253266 
8 4294967295 1062 1186 614 60 182 247 217410 
8 4294967295 870 610 806 44 134 263 68610 
8 4294967295 1158 1090 806 68 174 263 194146 
8 4294967295 1254 706 1622 76 142 331 101442 
8 4294967295 1302 1378 710 80 198 255 268562 
8 4294967295 678 1330 854 28 194 267 257154 
8 4294967295 678 1618 518 28 218 239 329282 
8 4294967295 966 1090 806 52 174 263 194082 
8 4294967295 774 850 1622 36 154 331 138914 
8 4294967295 1110 1330 422 64 194 231 253266 
8 4294967295 1062 1186 614 60 182 247 217410 
8 4294967295 870 610 806 44 134 263 68610 
8 4294967295 1158 1090 806 68 174 263 194146 
8 4294967295 1254 706 1622 76 142 331 101442 
8 4294967295 1302 1378 710 80 198 255 268562 
