36 4294967295 17571 2262 7689 16956 21618 10978 23495 13333 5882 9544 4397 12667 15968 24238 19826 336 648 1343 2510497 17 954 1021 6729394 130 727 1419 3697603 323 713 1262 3393492 420 678 1052 2834406 
36 4294967295 17571 12246 2313 11580 22386 24034 5063 16405 3578 8776 14381 17275 19808 18862 20594 336 842 1035 5129377 225 950 1342 6886322 18 809 1229 4755651 211 791 1004 4420820 436 632 1359 2289382 
36 4294967295 16035 9942 23817 14652 4722 20194 2759 8725 2042 6472 21293 14203 22880 11950 12914 304 584 972 1411745 177 631 987 2108594 466 870 1199 5669059 275 745 1373 3907284 68 698 1406 3228134 
36 4294967295 17571 9174 9993 6204 17010 7906 2759 1813 19706 15688 5933 3451 21344 21934 11378 336 487 1167 122017 161 776 1340 4350898 178 906 987 6025411 99 521 1374 678868 324 614 1053 1911270 
36 4294967295 9123 5334 23817 7740 3186 21730 21191 10261 17402 1864 23597 6523 12896 15790 20594 160 585 1198 1516961 81 902 1292 6169778 466 488 1421 246979 131 778 1371 4365780 36 663 1359 2743782 
36 4294967295 2211 18390 10761 23100 15474 22498 12743 6421 21242 4168 19757 8059 5984 7342 24434 16 602 1341 1814177 353 536 1372 913330 194 583 1195 1517507 451 918 1439 6475220 292 617 1054 1910758 
36 4294967295 11427 8406 4617 7740 3954 12514 17351 17941 14330 3400 18989 21115 24416 10414 2162 208 823 1228 4989089 145 889 1438 6009522 66 666 975 2559939 131 710 1325 3421140 52 520 1291 639718 
36 4294967295 20643 4566 22281 16188 1650 17890 3527 9493 12794 5704 10541 8827 24416 6574 13682 400 647 1438 2557601 65 568 1215 1292722 434 633 1196 2212547 307 822 1003 4883156 4 586 1149 1491430 
36 4294967295 11427 9174 6153 10044 15474 1762 2759 20245 18170 8776 5165 14971 13664 11182 22898 208 632 1407 2308769 161 682 987 2799538 98 761 1037 3973571 179 486 1308 188628 292 871 1214 5673958 
36 4294967295 7587 10710 2313 21564 20850 15586 12743 4885 17402 19528 7469 13435 9056 10414 6770 128 774 1071 4219809 193 551 1118 1018290 18 666 1195 2666691 419 856 1292 5483988 404 729 1085 3540710 
36 4294967295 17571 2262 7689 16956 21618 10978 23495 13333 5882 9544 4397 12667 15968 24238 19826 336 648 1343 2510497 17 954 1021 6729394 130 727 1419 3697603 323 713 1262 3393492 420 678 1052 2834406 
36 4294967295 17571 12246 2313 11580 22386 24034 5063 16405 3578 8776 14381 17275 19808 18862 20594 336 842 1035 5129377 225 950 1342 6886322 18 809 1229 4755651 211 791 1004 4420820 436 632 1359 2289382 
36 4294967295 16035 9942 23817 14652 4722 20194 2759 8725 2042 6472 21293 14203 22880 11950 12914 304 584 972 1411745 177 631 987 2108594 466 870 1199 5669059 275 745 1373 3907284 68 698 1406 3228134 
36 4294967295 17571 9174 9993 6204 17010 7906 2759 1813 19706 15688 5933 3451 21344 21934 11378 336 487 1167 122017 161 776 1340 4350898 178 906 987 6025411 99 521 1374 678868 324 614 1053 1911270 
36 4294967295 9123 5334 23817 7740 3186 21730 21191 10261 17402 1864 23597 6523 12896 15790 20594 160 585 1198 1516961 81 902 1292 6169778 466 488 1421 246979 131 778 1371 4365780 36 663 1359 2743782 
36 4294967295 2211 18390 10761 23100 15474 22498 12743 6421 21242 4168 19757 8059 5984 7342 24434 16 602 1341 1814177 353 536 1372 913330 194 583 1195 1517507 451 918 1439 6475220 292 617 1054 1910758 
36 4294967295 11427 8406 4617 7740 3954 12514 17351 17941 14330 3400 18989 21115 24416 10414 2162 208 823 1228 4989089 145 889 1438 6009522 66 666 975 2559939 131 710 1325 3421140 52 520 1291 639718 
36 4294967295 20643 4566 22281 16188 1650 17890 3527 9493 12794 5704 10541 8827 24416 6574 13682 400 647 1438 2557601 65 568 1215 1292722 434 633 1196 2212547 307 822 1003 4883156 4 586 1149 1491430 
36 4294967295 11427 9174 6153 10044 15474 1762 2759 20245 18170 8776 5165 14971 13664 11182 22898 208 632 1407 2308769 161 682 987 2799538 98 761 1037 3973571 179 486 1308 188628 292 871 1214 5673958 
36 4294967295 7587 10710 2313 21564 20850 15586 12743 4885 17402 19528 7469 13435 9056 10414 6770 128 774 1071 4219809 193 551 1118 1018290 18 666 1195 2666691 419 856 1292 5483988 404 729 1085 3540710 
