8 4294967295 1302 850 1622 60 214 471 203570 
8 4294967295 1878 2530 950 108 354 415 1483250 
8 4294967295 630 2722 998 4 370 419 1631058 
8 4294967295 2166 2530 806 132 354 403 1481042 
8 4294967295 1350 2530 1478 64 354 459 1491522 
8 4294967295 2070 754 998 124 206 419 120114 
8 4294967295 2646 2434 614 172 346 387 1404402 
8 4294967295 630 1714 2582 4 286 551 882258 
8 4294967295 2070 2818 1190 124 378 435 1708338 
8 4294967295 966 2386 1478 32 342 459 1380802 
8 4294967295 1302 850 1622 60 214 471 203570 
8 4294967295 1878 2530 950 108 354 415 1483250 
8 4294967295 630 2722 998 4 370 419 1631058 
8 4294967295 2166 2530 806 132 354 403 1481042 
8 4294967295 1350 2530 1478 64 354 459 1491522 
8 4294967295 2070 754 998 124 206 419 120114 
8 4294967295 2646 2434 614 172 346 387 1404402 
8 4294967295 630 1714 2582 4 286 551 882258 
8 4294967295 2070 2818 1190 124 378 435 1708338 
8 4294967295 966 2386 1478 32 342 459 1380802 
