36 4294967295 25731 11958 30441 17436 8274 28354 16295 6133 10202 18472 24845 26971 23360 14734 11090 496 727 1726 2365057 209 1190 1452 14064786 594 1161 1757 13446307 323 984 1579 8823732 132 906 1471 6700998 
36 4294967295 10371 5046 18153 28956 8274 19906 14759 26101 11738 20776 24077 6235 19520 13966 27986 176 1032 1547 10029697 65 1143 1741 13018002 338 1014 1646 9684131 563 890 1484 6308532 132 729 1823 2420678 
36 4294967295 8835 22710 20457 15132 25170 24514 6311 12277 10202 18472 19469 28507 20288 17038 14162 144 855 1371 5410945 433 954 1452 7924370 386 1193 1535 14118819 275 1110 1645 12140724 484 984 1662 8877510 
36 4294967295 2691 25782 7401 24348 29010 9154 10151 20725 5594 16936 6413 10843 20288 11662 21842 16 790 1451 3821697 497 952 1662 8058514 114 1031 1356 9905827 467 825 1695 4801716 564 842 1373 5008070 
36 4294967295 1923 5814 7401 11292 22098 18370 15527 3829 24794 23080 13325 10075 17216 19342 14162 0 809 1517 4272001 81 1080 1535 11246738 114 679 1756 1150627 195 1002 1598 9241524 420 982 1563 8815046 
36 4294967295 25731 7350 27369 9756 29778 4546 8615 6901 14810 22312 29453 13915 21056 23950 27218 496 889 1678 6430337 113 694 1807 1590930 530 743 1548 2662563 163 1098 1853 11862452 580 1064 1419 10773446 
36 4294967295 4227 29622 19689 8220 32082 31426 2471 21493 23258 15400 14093 26203 6464 13198 17234 48 1145 1374 12782209 577 1254 1724 15883154 370 920 1291 7001763 131 1047 1599 10469300 628 874 1533 5930694 
36 4294967295 21123 13494 20457 23580 8274 4546 16295 13045 25562 20008 7949 14683 32576 29326 9554 400 1016 1918 9859201 241 694 1772 1572498 386 905 1579 6776739 451 1210 1405 14447540 132 871 1439 5861318 
36 4294967295 19587 9654 29673 2076 7506 12226 10919 13045 19418 32296 4877 16987 27968 3214 14162 368 854 1822 5701249 161 871 1341 5800338 578 953 1467 7936931 3 666 1644 667572 116 1272 1535 16162502 
36 4294967295 8067 18102 28905 25116 19026 28354 26279 13813 17882 10792 16397 21595 4928 23950 4178 128 1098 1327 11523969 337 824 1581 4727954 562 887 1612 6390435 483 1190 1787 14284212 356 1049 1342 10309062 
36 4294967295 25731 11958 30441 17436 8274 28354 16295 6133 10202 18472 24845 26971 23360 14734 11090 496 727 1726 2365057 209 1190 1452 14064786 594 1161 1757 13446307 323 984 1579 8823732 132 906 1471 6700998 
36 4294967295 10371 5046 18153 28956 8274 19906 14759 26101 11738 20776 24077 6235 19520 13966 27986 176 1032 1547 10029697 65 1143 1741 13018002 338 1014 1646 9684131 563 890 1484 6308532 132 729 1823 2420678 
36 4294967295 8835 22710 20457 15132 25170 24514 6311 12277 10202 18472 19469 28507 20288 17038 14162 144 855 1371 5410945 433 954 1452 7924370 386 1193 1535 14118819 275 1110 1645 12140724 484 984 1662 8877510 
36 4294967295 2691 25782 7401 24348 29010 9154 10151 20725 5594 16936 6413 10843 20288 11662 21842 16 790 1451 3821697 497 952 1662 8058514 114 1031 1356 9905827 467 825 1695 4801716 564 842 1373 5008070 
36 4294967295 1923 5814 7401 11292 22098 18370 15527 3829 24794 23080 13325 10075 17216 19342 14162 0 809 1517 4272001 81 1080 1535 11246738 114 679 1756 1150627 195 1002 1598 9241524 420 982 1563 8815046 
36 4294967295 25731 7350 27369 9756 29778 4546 8615 6901 14810 22312 29453 13915 21056 23950 27218 496 889 1678 6430337 113 694 1807 1590930 530 743 1548 2662563 163 1098 1853 11862452 580 1064 1419 10773446 
36 4294967295 4227 29622 19689 8220 32082 31426 2471 21493 23258 15400 14093 26203 6464 13198 17234 48 1145 1374 12782209 577 1254 1724 15883154 370 920 1291 7001763 131 1047 1599 10469300 628 874 1533 5930694 
36 4294967295 21123 13494 20457 23580 8274 4546 16295 13045 25562 20008 7949 14683 32576 29326 9554 400 1016 1918 9859201 241 694 1772 1572498 386 905 1579 6776739 451 1210 1405 14447540 132 871 1439 5861318 
36 4294967295 19587 9654 29673 2076 7506 12226 10919 13045 19418 32296 4877 16987 27968 3214 14162 368 854 1822 5701249 161 871 1341 5800338 578 953 1467 7936931 3 666 1644 667572 116 1272 1535 16162502 
36 4294967295 8067 18102 28905 25116 19026 28354 26279 13813 17882 10792 16397 21595 4928 23950 4178 128 1098 1327 11523969 337 824 1581 4727954 562 887 1612 6390435 483 1190 1787 14284212 356 1049 1342 10309062 
