71 4294967295 67056 44088 182568 41397 12663 133845 105111 151335 203325 119817 82555 126707 39502 37523 169333 95279 7981 49247 201238 63758 54301 130163 132238 104312 31429 92876 167026 81413 143194 66218 651 2683 5294 77589002 404 2987 4799 123594026 1893 2437 4955 39216336 375 2524 5145 53699599 66 3639 5391 223748581 1369 2185 5632 3008835 1060 3920 5268 265890417 1557 3895 5669 262071435 2116 3521 4982 204102025 1218 4263 4673 316415089 
71 4294967295 67056 61386 188334 58695 194292 171324 139707 44664 15930 111168 174811 89228 154822 118247 79960 28970 126184 78077 25375 92588 106195 182057 198547 87014 97738 170717 123781 153488 131662 34505 651 3150 5920 149567902 590 3456 5109 194905992 1955 3430 5229 190508488 561 3979 5265 275292745 2019 3764 4581 240895704 1772 4234 4641 311656088 1432 3515 6227 206771619 410 2372 5541 31030698 101 2959 6105 121701080 1125 3241 5205 162162096 
71 4294967295 205440 142110 38418 87525 67440 70419 58983 61962 44760 137115 65257 92111 85630 54821 180865 129875 13747 155918 94567 199259 74482 23492 195664 170621 28546 35216 31525 9338 105715 204602 2139 3020 5946 130845700 1458 3236 6412 164795940 343 3116 4648 142091386 871 2438 6104 41673645 655 2406 6470 37765290 687 2900 4370 108534323 564 4044 4859 283836131 596 4203 5666 309130644 411 2247 4522 9975220 1404 2801 5260 96380685 
71 4294967295 153546 144993 47067 75993 119334 27174 110877 206112 128367 189009 16246 158420 125992 37523 79960 164471 62758 14651 25375 46460 31237 9077 103408 89897 68908 199547 94951 144839 56704 123878 1581 2840 4427 99278772 1489 2959 4769 118851491 436 3454 5827 196448429 747 2774 5236 91584141 1213 2709 5602 82988028 222 2274 4367 14341908 1122 2435 6415 42354129 2146 3120 4673 142214554 1310 3211 5973 159140679 1962 2372 6038 32155133 
71 4294967295 93003 61386 101844 113472 73206 56004 21504 125388 64941 194775 145981 187250 25087 49055 59779 72215 201142 46364 155110 130067 68716 43673 123589 14939 100621 113057 77653 144839 117247 120995 930 2742 4430 85131891 590 3669 5046 227733752 1025 3360 5571 181801828 1150 2369 4797 29439154 717 2934 6283 117414892 532 3181 4739 151716858 161 3428 5827 191731008 1278 2838 5485 101556566 628 3767 5668 243207037 2024 4262 4768 316641885 
71 4294967295 9396 46971 136440 162483 104919 156909 145473 197463 122601 114051 194992 187250 206716 23108 33832 14555 140599 112673 181057 78173 100429 98450 120706 43769 103504 40982 132430 136190 183556 89282 31 3212 5481 158024702 435 4322 5328 327221277 1397 3611 5110 218475510 1677 3523 6283 206913751 1058 3179 4740 151733163 1617 2463 5734 45598433 1494 3397 5230 185785301 2053 4046 4518 283142321 1248 4073 4426 287624457 1156 4196 4710 307062637 
71 4294967295 159312 116163 64365 52929 113568 32940 102228 67728 191793 93870 45076 22919 131758 11576 157801 141407 48343 176099 88801 63758 109078 78269 14035 138908 195760 9269 43057 29519 79768 71984 1643 3796 5044 246601994 1179 2584 4369 61460571 622 2250 4394 9712675 499 2957 4955 119224423 1151 4204 5763 309349656 284 3272 5790 168123050 1029 3054 4587 132560316 658 3516 5111 204325906 1992 2619 4516 66531031 939 2562 6163 60645900 
71 4294967295 136248 173823 176802 119238 29961 47355 133941 64845 191793 67923 24895 190133 45268 75002 59779 167354 39694 101141 97450 107003 126376 208004 34216 63950 201526 153419 103600 147722 82651 132527 1395 2742 5357 87164406 1799 2467 6314 46882201 1831 2526 5076 53610194 1212 2586 5858 64690556 252 2988 6069 126347387 439 4266 4957 316996365 1370 3213 5919 159007997 627 3147 5420 148490845 1992 2367 6506 33165111 660 3458 5695 196186301 
71 4294967295 101652 26790 12471 75993 122217 41589 139707 18717 186027 137115 16246 178601 39502 98066 201046 161588 192493 199163 57088 115652 184036 101333 34216 63950 37195 196664 146845 87179 22108 167123 1023 2337 6007 27349844 218 4078 5359 289610620 64 2713 5207 82077897 747 2499 6067 51020331 1244 2274 6190 18342519 377 4169 6384 305962163 1432 2467 5324 44718189 131 4261 4957 316986819 1930 3678 6411 230735179 1404 2524 5513 54538745 
71 4294967295 144897 162291 44184 26982 87621 130962 194484 206112 53409 65040 157513 80579 120226 161492 134737 57800 48343 31949 143578 60875 117727 170525 166834 124493 14131 84227 181441 43934 19225 201719 1488 3793 4742 245924489 1675 2619 5175 67933867 405 3392 5608 186558778 220 3365 5136 180835094 872 2251 4613 10191317 1338 4050 6103 286550924 2021 3893 6439 263767568 2146 2306 4924 20321314 504 3548 6006 210980863 629 3643 4891 222689720 
71 4294967295 67056 44088 182568 41397 12663 133845 105111 151335 203325 119817 82555 126707 39502 37523 169333 95279 7981 49247 201238 63758 54301 130163 132238 104312 31429 92876 167026 81413 143194 66218 651 2683 5294 77589002 404 2987 4799 123594026 1893 2437 4955 39216336 375 2524 5145 53699599 66 3639 5391 223748581 1369 2185 5632 3008835 1060 3920 5268 265890417 1557 3895 5669 262071435 2116 3521 4982 204102025 1218 4263 4673 316415089 
71 4294967295 67056 61386 188334 58695 194292 171324 139707 44664 15930 111168 174811 89228 154822 118247 79960 28970 126184 78077 25375 92588 106195 182057 198547 87014 97738 170717 123781 153488 131662 34505 651 3150 5920 149567902 590 3456 5109 194905992 1955 3430 5229 190508488 561 3979 5265 275292745 2019 3764 4581 240895704 1772 4234 4641 311656088 1432 3515 6227 206771619 410 2372 5541 31030698 101 2959 6105 121701080 1125 3241 5205 162162096 
71 4294967295 205440 142110 38418 87525 67440 70419 58983 61962 44760 137115 65257 92111 85630 54821 180865 129875 13747 155918 94567 199259 74482 23492 195664 170621 28546 35216 31525 9338 105715 204602 2139 3020 5946 130845700 1458 3236 6412 164795940 343 3116 4648 142091386 871 2438 6104 41673645 655 2406 6470 37765290 687 2900 4370 108534323 564 4044 4859 283836131 596 4203 5666 309130644 411 2247 4522 9975220 1404 2801 5260 96380685 
71 4294967295 153546 144993 47067 75993 119334 27174 110877 206112 128367 189009 16246 158420 125992 37523 79960 164471 62758 14651 25375 46460 31237 9077 103408 89897 68908 199547 94951 144839 56704 123878 1581 2840 4427 99278772 1489 2959 4769 118851491 436 3454 5827 196448429 747 2774 5236 91584141 1213 2709 5602 82988028 222 2274 4367 14341908 1122 2435 6415 42354129 2146 3120 4673 142214554 1310 3211 5973 159140679 1962 2372 6038 32155133 
71 4294967295 93003 61386 101844 113472 73206 56004 21504 125388 64941 194775 145981 187250 25087 49055 59779 72215 201142 46364 155110 130067 68716 43673 123589 14939 100621 113057 77653 144839 117247 120995 930 2742 4430 85131891 590 3669 5046 227733752 1025 3360 5571 181801828 1150 2369 4797 29439154 717 2934 6283 117414892 532 3181 4739 151716858 161 3428 5827 191731008 1278 2838 5485 101556566 628 3767 5668 243207037 2024 4262 4768 316641885 
71 4294967295 9396 46971 136440 162483 104919 156909 145473 197463 122601 114051 194992 187250 206716 23108 33832 14555 140599 112673 181057 78173 100429 98450 120706 43769 103504 40982 132430 136190 183556 89282 31 3212 5481 158024702 435 4322 5328 327221277 1397 3611 5110 218475510 1677 3523 6283 206913751 1058 3179 4740 151733163 1617 2463 5734 45598433 1494 3397 5230 185785301 2053 4046 4518 283142321 1248 4073 4426 287624457 1156 4196 4710 307062637 
71 4294967295 159312 116163 64365 52929 113568 32940 102228 67728 191793 93870 45076 22919 131758 11576 157801 141407 48343 176099 88801 63758 109078 78269 14035 138908 195760 9269 43057 29519 79768 71984 1643 3796 5044 246601994 1179 2584 4369 61460571 622 2250 4394 9712675 499 2957 4955 119224423 1151 4204 5763 309349656 284 3272 5790 168123050 1029 3054 4587 132560316 658 3516 5111 204325906 1992 2619 4516 66531031 939 2562 6163 60645900 
71 4294967295 136248 173823 176802 119238 29961 47355 133941 64845 191793 67923 24895 190133 45268 75002 59779 167354 39694 101141 97450 107003 126376 208004 34216 63950 201526 153419 103600 147722 82651 132527 1395 2742 5357 87164406 1799 2467 6314 46882201 1831 2526 5076 53610194 1212 2586 5858 64690556 252 2988 6069 126347387 439 4266 4957 316996365 1370 3213 5919 159007997 627 3147 5420 148490845 1992 2367 6506 33165111 660 3458 5695 196186301 
71 4294967295 101652 26790 12471 75993 122217 41589 139707 18717 186027 137115 16246 178601 39502 98066 201046 161588 192493 199163 57088 115652 184036 101333 34216 63950 37195 196664 146845 87179 22108 167123 1023 2337 6007 27349844 218 4078 5359 289610620 64 2713 5207 82077897 747 2499 6067 51020331 1244 2274 6190 18342519 377 4169 6384 305962163 1432 2467 5324 44718189 131 4261 4957 316986819 1930 3678 6411 230735179 1404 2524 5513 54538745 
71 4294967295 144897 162291 44184 26982 87621 130962 194484 206112 53409 65040 157513 80579 120226 161492 134737 57800 48343 31949 143578 60875 117727 170525 166834 124493 14131 84227 181441 43934 19225 201719 1488 3793 4742 245924489 1675 2619 5175 67933867 405 3392 5608 186558778 220 3365 5136 180835094 872 2251 4613 10191317 1338 4050 6103 286550924 2021 3893 6439 263767568 2146 2306 4924 20321314 504 3548 6006 210980863 629 3643 4891 222689720 
