8 4294967295 594 238 194 36 58 107 3630 
8 4294967295 594 526 386 36 82 123 20686 
8 4294967295 450 286 242 24 62 111 6494 
8 4294967295 738 190 674 48 54 147 3054 
8 4294967295 690 382 482 44 70 131 13022 
8 4294967295 162 718 626 0 98 143 32398 
8 4294967295 690 286 338 44 62 119 6990 
8 4294967295 546 190 626 32 54 143 2782 
8 4294967295 354 430 722 16 74 151 16654 
8 4294967295 162 622 434 0 90 127 26158 
8 4294967295 594 238 194 36 58 107 3630 
8 4294967295 594 526 386 36 82 123 20686 
8 4294967295 450 286 242 24 62 111 6494 
8 4294967295 738 190 674 48 54 147 3054 
8 4294967295 690 382 482 44 70 131 13022 
8 4294967295 162 718 626 0 98 143 32398 
8 4294967295 690 286 338 44 62 119 6990 
8 4294967295 546 190 626 32 54 143 2782 
8 4294967295 354 430 722 16 74 151 16654 
8 4294967295 162 622 434 0 90 127 26158 
