71 4294967295 181911 66687 6240 101475 46794 176625 9507 165285 44295 12681 133984 129125 168772 161027 50665 112112 131485 74729 94102 80591 125911 60506 19336 63485 192412 92411 149263 40586 157144 123413 1891 3303 5170 168970027 652 3363 4615 175927699 2 2494 4647 62283715 1026 2961 4831 123593625 438 3554 5292 201656648 1834 2157 5353 19114730 37 3764 4958 229378679 1712 3639 5696 214688865 411 3390 4768 180292785 71 4018 4401 260737167 
71 4294967295 181911 176241 49485 66879 130401 81486 124827 75912 148083 142416 159931 16688 73633 25526 105442 164006 157432 169868 154645 120953 94198 172943 151954 89432 7900 72230 114667 129959 145612 39806 1891 2962 5728 125431922 1830 3515 4393 195828087 467 3182 4926 152185265 654 3642 5265 213781553 1337 3612 4144 207493762 811 3669 4239 215785302 1277 3583 5824 206804789 751 2034 5362 2840259 1527 2741 5791 97124001 1466 3083 4741 139660777 
71 4294967295 60825 118581 66783 173550 84273 162210 29688 35550 87540 136650 59026 186785 44803 74537 160219 143825 27697 115091 42208 92123 192220 178709 105826 103847 54028 132773 111784 72299 157144 19625 589 3087 5392 140945345 1210 3639 5886 215048087 653 3151 4766 147818481 1801 2431 5511 55968055 841 2403 5973 52815046 1679 2584 4176 73579405 254 3672 4955 217204731 317 4016 5202 262368880 876 2247 4742 30016410 1404 2530 5081 67261920 
71 4294967295 153081 63804 98496 124539 20847 12294 90231 113391 29880 168363 139750 88763 56335 71654 165985 48686 94006 11303 174826 77708 27889 158528 25102 181688 143401 46283 111784 63650 79303 34040 1581 3151 4331 146972737 621 3452 4488 187857553 994 3829 4800 237216467 1274 2960 4649 123226523 159 2802 4735 103078229 67 2219 4086 24619338 905 2555 5918 72993227 1154 3491 4462 191871842 256 3734 4919 225262780 1745 2249 5669 31917301 
71 4294967295 150198 170475 63900 127422 46794 26709 156540 44199 87540 29979 108037 149306 180304 77420 18952 25622 119953 11303 143113 175730 102847 8612 123124 161507 79975 60698 163678 72299 99484 68636 1550 2809 4057 101747116 1768 3488 4703 192390590 622 3239 4797 160060660 1305 2153 4617 17599169 438 3055 5854 137817418 222 3111 4086 142370668 1618 3273 5701 165963250 410 3019 4742 131507588 876 3709 5570 222533540 257 3888 4240 244189708 
71 4294967295 81006 107049 78315 23634 121752 95901 72933 12486 47178 139533 44611 132008 62101 68771 191932 94814 21931 138155 186358 20048 125911 112400 180784 28889 172231 118358 120433 60767 157144 88817 806 2617 5237 79736372 1086 4013 5173 262330248 777 3639 4920 213098250 189 3303 5450 169479453 1244 2429 4704 54326699 966 2185 5384 23210512 719 3244 4984 160438461 69 3801 4275 232065667 442 3893 4180 244070511 1435 3953 4618 253096256 
71 4294967295 187677 11910 40836 66879 136167 191040 84465 119157 93306 35745 133984 149306 44803 166793 142921 60218 21931 132389 50857 161315 183571 187358 154837 26006 30964 115475 39709 118427 125431 91700 1953 3614 5388 210011454 63 2376 4244 45232660 374 2185 4612 21630532 654 2496 5238 63490763 1399 3923 5699 251221184 1989 3390 5758 182340580 843 3298 5206 169000010 1216 3486 5570 194122504 938 2431 4951 54816937 319 2282 5979 36557970 
71 4294967295 179028 144528 17772 170667 167880 165093 72933 58614 119253 12681 139750 22454 191836 137963 114091 77516 85357 89144 117166 158432 97081 80687 131773 106730 149167 17453 54124 72299 122548 186839 1860 3209 4742 155913881 1489 2867 5668 113113856 126 2993 4206 126376649 1770 3176 4923 152225659 1740 3267 5448 165467310 1710 4012 4152 260288251 719 3452 5112 189109896 565 3366 4798 176299798 1217 2531 5974 69067606 71 3553 4832 200708302 
71 4294967295 130017 98400 63900 26517 41028 165093 191136 24018 44295 78990 53260 117593 59218 143729 148687 126527 137251 37250 160411 120953 157624 146996 10687 124028 85741 89528 178093 40586 96601 13859 1333 2522 5265 67634499 993 3644 4927 213104945 622 3425 4365 183547500 220 2871 5298 112324939 376 2064 5325 6826391 1710 3674 5510 218374236 1990 2586 4401 74026302 193 3864 4114 239877636 411 3548 5545 202155535 784 2988 5229 128458400 
71 4294967295 43527 29208 55251 23634 61209 150678 64284 124923 104838 179895 177229 59933 113995 11111 131389 158240 163198 172751 79687 129602 189337 144113 102943 72134 146284 98177 166561 101129 160027 137828 403 3740 4609 224642679 249 3175 5358 153053016 529 3522 5447 197911567 189 3362 5052 176787858 593 2806 4084 101779918 1555 3985 5666 259284006 626 3855 5822 243326633 1278 3056 5020 136156906 1062 3670 5514 218354151 1869 3704 4740 220877770 
71 4294967295 181911 66687 6240 101475 46794 176625 9507 165285 44295 12681 133984 129125 168772 161027 50665 112112 131485 74729 94102 80591 125911 60506 19336 63485 192412 92411 149263 40586 157144 123413 1891 3303 5170 168970027 652 3363 4615 175927699 2 2494 4647 62283715 1026 2961 4831 123593625 438 3554 5292 201656648 1834 2157 5353 19114730 37 3764 4958 229378679 1712 3639 5696 214688865 411 3390 4768 180292785 71 4018 4401 260737167 
71 4294967295 181911 176241 49485 66879 130401 81486 124827 75912 148083 142416 159931 16688 73633 25526 105442 164006 157432 169868 154645 120953 94198 172943 151954 89432 7900 72230 114667 129959 145612 39806 1891 2962 5728 125431922 1830 3515 4393 195828087 467 3182 4926 152185265 654 3642 5265 213781553 1337 3612 4144 207493762 811 3669 4239 215785302 1277 3583 5824 206804789 751 2034 5362 2840259 1527 2741 5791 97124001 1466 3083 4741 139660777 
71 4294967295 60825 118581 66783 173550 84273 162210 29688 35550 87540 136650 59026 186785 44803 74537 160219 143825 27697 115091 42208 92123 192220 178709 105826 103847 54028 132773 111784 72299 157144 19625 589 3087 5392 140945345 1210 3639 5886 215048087 653 3151 4766 147818481 1801 2431 5511 55968055 841 2403 5973 52815046 1679 2584 4176 73579405 254 3672 4955 217204731 317 4016 5202 262368880 876 2247 4742 30016410 1404 2530 5081 67261920 
71 4294967295 153081 63804 98496 124539 20847 12294 90231 113391 29880 168363 139750 88763 56335 71654 165985 48686 94006 11303 174826 77708 27889 158528 25102 181688 143401 46283 111784 63650 79303 34040 1581 3151 4331 146972737 621 3452 4488 187857553 994 3829 4800 237216467 1274 2960 4649 123226523 159 2802 4735 103078229 67 2219 4086 24619338 905 2555 5918 72993227 1154 3491 4462 191871842 256 3734 4919 225262780 1745 2249 5669 31917301 
71 4294967295 150198 170475 63900 127422 46794 26709 156540 44199 87540 29979 108037 149306 180304 77420 18952 25622 119953 11303 143113 175730 102847 8612 123124 161507 79975 60698 163678 72299 99484 68636 1550 2809 4057 101747116 1768 3488 4703 192390590 622 3239 4797 160060660 1305 2153 4617 17599169 438 3055 5854 137817418 222 3111 4086 142370668 1618 3273 5701 165963250 410 3019 4742 131507588 876 3709 5570 222533540 257 3888 4240 244189708 
71 4294967295 81006 107049 78315 23634 121752 95901 72933 12486 47178 139533 44611 132008 62101 68771 191932 94814 21931 138155 186358 20048 125911 112400 180784 28889 172231 118358 120433 60767 157144 88817 806 2617 5237 79736372 1086 4013 5173 262330248 777 3639 4920 213098250 189 3303 5450 169479453 1244 2429 4704 54326699 966 2185 5384 23210512 719 3244 4984 160438461 69 3801 4275 232065667 442 3893 4180 244070511 1435 3953 4618 253096256 
71 4294967295 187677 11910 40836 66879 136167 191040 84465 119157 93306 35745 133984 149306 44803 166793 142921 60218 21931 132389 50857 161315 183571 187358 154837 26006 30964 115475 39709 118427 125431 91700 1953 3614 5388 210011454 63 2376 4244 45232660 374 2185 4612 21630532 654 2496 5238 63490763 1399 3923 5699 251221184 1989 3390 5758 182340580 843 3298 5206 169000010 1216 3486 5570 194122504 938 2431 4951 54816937 319 2282 5979 36557970 
71 4294967295 179028 144528 17772 170667 167880 165093 72933 58614 119253 12681 139750 22454 191836 137963 114091 77516 85357 89144 117166 158432 97081 80687 131773 106730 149167 17453 54124 72299 122548 186839 1860 3209 4742 155913881 1489 2867 5668 113113856 126 2993 4206 126376649 1770 3176 4923 152225659 1740 3267 5448 165467310 1710 4012 4152 260288251 719 3452 5112 189109896 565 3366 4798 176299798 1217 2531 5974 69067606 71 3553 4832 200708302 
71 4294967295 130017 98400 63900 26517 41028 165093 191136 24018 44295 78990 53260 117593 59218 143729 148687 126527 137251 37250 160411 120953 157624 146996 10687 124028 85741 89528 178093 40586 96601 13859 1333 2522 5265 67634499 993 3644 4927 213104945 622 3425 4365 183547500 220 2871 5298 112324939 376 2064 5325 6826391 1710 3674 5510 218374236 1990 2586 4401 74026302 193 3864 4114 239877636 411 3548 5545 202155535 784 2988 5229 128458400 
71 4294967295 43527 29208 55251 23634 61209 150678 64284 124923 104838 179895 177229 59933 113995 11111 131389 158240 163198 172751 79687 129602 189337 144113 102943 72134 146284 98177 166561 101129 160027 137828 403 3740 4609 224642679 249 3175 5358 153053016 529 3522 5447 197911567 189 3362 5052 176787858 593 2806 4084 101779918 1555 3985 5666 259284006 626 3855 5822 243326633 1278 3056 5020 136156906 1062 3670 5514 218354151 1869 3704 4740 220877770 
