71 4294967295 152151 59991 16842 65949 161184 115152 144078 147057 28950 124188 130171 15758 81352 33245 87214 111182 6586 39203 35512 151736 73087 140300 53002 65438 96343 100130 50311 94433 104320 102302 1581 2219 4455 48469307 590 2435 3712 67519242 126 2031 3776 29819244 654 2190 4370 45374983 1678 2587 4550 83515183 1183 1720 4863 2631689 1494 2771 4431 100740211 1526 2685 4986 92971519 256 2524 4058 76811375 1280 3049 3524 125364011 
71 4294967295 94491 77289 97566 57300 158301 80556 31641 17322 118323 23283 75394 154142 84235 36128 46852 10277 41182 53618 101821 108491 124981 27863 38587 117332 128056 56885 142567 114614 61075 122483 961 2153 4616 42900312 776 2555 3743 79205963 994 2460 3966 70861632 561 3026 4521 124126050 1647 2993 3465 119455622 811 3182 3654 137188987 285 2744 5012 98799952 131 2064 4587 34100659 1217 2092 4672 37199916 195 2306 3931 56248891 
71 4294967295 59895 45576 28374 68832 126588 74790 115248 144174 26067 72294 118639 53237 17926 142799 147757 33341 162268 102629 49927 91193 113449 13448 6874 39491 133822 45353 84907 160742 110086 122483 589 2869 4458 109486080 435 3088 4890 130570452 250 2925 3779 114126813 685 2186 4672 45904494 1306 1842 5083 14633586 749 2833 3499 104945515 1184 3238 3842 143331731 1495 3394 4335 158722178 225 1723 3713 646359 722 2562 3927 79521428 
71 4294967295 80076 111885 117747 132258 68928 103620 135429 11556 60663 66528 63862 116663 43873 24596 110278 47756 29650 91097 101821 154619 21193 36512 122194 19310 15619 157790 128152 97316 26479 10046 806 2336 3562 58540587 1148 2744 3747 96659645 1211 3027 4401 123934779 1367 2121 3868 38737356 686 1968 4334 24973946 1059 1817 3463 8970445 1401 1934 5051 23304753 69 2835 3619 105135857 597 2963 4609 118471686 660 1877 5017 17414881 
71 4294967295 134853 140715 111981 114960 126588 155514 77769 106695 8769 95358 144586 53237 104416 36128 159289 140012 26767 93980 119119 22001 18310 50927 84715 25076 44449 103013 15715 88667 153331 99419 1395 1846 3591 12099301 1458 3204 3927 140591760 1149 2772 4365 100623802 1181 1818 3902 9714195 1306 2127 4860 40426826 1617 2560 3624 79020618 781 2930 4462 115306088 1092 1937 4308 22026655 39 3298 4424 150114533 970 3362 3743 154794636 
71 4294967295 8001 54225 34140 14055 37215 158397 92184 132642 52014 20400 150352 139727 58288 76490 87214 128480 144970 44969 49927 73895 12544 79757 18406 25076 47332 126077 30130 103082 69724 27344 31 1973 4710 25587897 528 3266 4463 147275515 312 2276 4177 53768325 96 2186 4857 46203365 345 1847 4149 13018145 1648 1784 4736 8248734 936 2158 4212 42212428 1371 2399 3649 64530724 504 2587 3624 81893143 164 3208 3838 140393090 
71 4294967295 57012 100353 80268 42885 143886 31545 123897 74982 161568 78060 153235 47471 40990 157214 72799 62171 55597 50735 136417 68129 96151 88406 38587 114449 130939 94364 99322 134795 110086 35993 558 3116 4305 132477044 1024 2247 3742 50143401 808 2064 3865 32905976 406 2683 4087 91404000 1492 3297 4585 150423847 284 2833 4804 107151010 1277 2717 4023 94232319 751 3057 4369 126774694 1682 2432 3900 67870231 784 2090 5045 37820755 
71 4294967295 48363 129183 22608 77481 106407 143982 123897 34620 52014 153018 81160 133961 141895 67841 101629 76586 98842 56501 12448 65246 38491 97055 148141 42374 44449 16523 113737 85784 104320 87887 465 2712 3962 94101431 1334 2063 4398 33820816 188 2127 3810 38595096 778 2522 4178 77038972 1089 2742 4300 97609209 1493 3242 3532 142812759 1277 2872 4277 109190284 317 2771 4056 100069465 504 1783 4795 8318983 1590 3175 4084 137953111 
71 4294967295 57012 106119 71619 132258 146769 5598 40290 123993 23184 109773 14851 93599 159193 119735 43969 13160 29650 79565 162364 10469 81736 68225 145258 56789 53098 152024 99322 51188 63958 33110 558 1968 4088 24547134 1086 3211 3905 140527373 715 2528 3496 75874208 1367 2220 4210 48039836 1523 1809 4361 10517623 5 3361 4642 156297511 378 2122 3711 38442425 1278 3395 3467 157235511 194 2717 4989 95837253 1125 2337 3965 59237601 
71 4294967295 143502 62874 13959 11172 71811 54609 97950 161472 103908 92475 58096 82067 6394 85139 9373 91001 133438 68033 101821 19118 107683 154715 29938 114449 148237 25172 151216 42539 130267 27344 1488 3084 3625 128436039 621 1971 4237 24813363 95 2744 4270 97525538 65 2274 4086 53602104 717 1718 3560 397332 532 3275 4585 147487063 998 3243 5018 145334455 1681 1750 3812 3757084 1062 2807 4333 103475281 939 3050 3649 125564860 
71 4294967295 152151 59991 16842 65949 161184 115152 144078 147057 28950 124188 130171 15758 81352 33245 87214 111182 6586 39203 35512 151736 73087 140300 53002 65438 96343 100130 50311 94433 104320 102302 1581 2219 4455 48469307 590 2435 3712 67519242 126 2031 3776 29819244 654 2190 4370 45374983 1678 2587 4550 83515183 1183 1720 4863 2631689 1494 2771 4431 100740211 1526 2685 4986 92971519 256 2524 4058 76811375 1280 3049 3524 125364011 
71 4294967295 94491 77289 97566 57300 158301 80556 31641 17322 118323 23283 75394 154142 84235 36128 46852 10277 41182 53618 101821 108491 124981 27863 38587 117332 128056 56885 142567 114614 61075 122483 961 2153 4616 42900312 776 2555 3743 79205963 994 2460 3966 70861632 561 3026 4521 124126050 1647 2993 3465 119455622 811 3182 3654 137188987 285 2744 5012 98799952 131 2064 4587 34100659 1217 2092 4672 37199916 195 2306 3931 56248891 
71 4294967295 59895 45576 28374 68832 126588 74790 115248 144174 26067 72294 118639 53237 17926 142799 147757 33341 162268 102629 49927 91193 113449 13448 6874 39491 133822 45353 84907 160742 110086 122483 589 2869 4458 109486080 435 3088 4890 130570452 250 2925 3779 114126813 685 2186 4672 45904494 1306 1842 5083 14633586 749 2833 3499 104945515 1184 3238 3842 143331731 1495 3394 4335 158722178 225 1723 3713 646359 722 2562 3927 79521428 
71 4294967295 80076 111885 117747 132258 68928 103620 135429 11556 60663 66528 63862 116663 43873 24596 110278 47756 29650 91097 101821 154619 21193 36512 122194 19310 15619 157790 128152 97316 26479 10046 806 2336 3562 58540587 1148 2744 3747 96659645 1211 3027 4401 123934779 1367 2121 3868 38737356 686 1968 4334 24973946 1059 1817 3463 8970445 1401 1934 5051 23304753 69 2835 3619 105135857 597 2963 4609 118471686 660 1877 5017 17414881 
71 4294967295 134853 140715 111981 114960 126588 155514 77769 106695 8769 95358 144586 53237 104416 36128 159289 140012 26767 93980 119119 22001 18310 50927 84715 25076 44449 103013 15715 88667 153331 99419 1395 1846 3591 12099301 1458 3204 3927 140591760 1149 2772 4365 100623802 1181 1818 3902 9714195 1306 2127 4860 40426826 1617 2560 3624 79020618 781 2930 4462 115306088 1092 1937 4308 22026655 39 3298 4424 150114533 970 3362 3743 154794636 
71 4294967295 8001 54225 34140 14055 37215 158397 92184 132642 52014 20400 150352 139727 58288 76490 87214 128480 144970 44969 49927 73895 12544 79757 18406 25076 47332 126077 30130 103082 69724 27344 31 1973 4710 25587897 528 3266 4463 147275515 312 2276 4177 53768325 96 2186 4857 46203365 345 1847 4149 13018145 1648 1784 4736 8248734 936 2158 4212 42212428 1371 2399 3649 64530724 504 2587 3624 81893143 164 3208 3838 140393090 
71 4294967295 57012 100353 80268 42885 143886 31545 123897 74982 161568 78060 153235 47471 40990 157214 72799 62171 55597 50735 136417 68129 96151 88406 38587 114449 130939 94364 99322 134795 110086 35993 558 3116 4305 132477044 1024 2247 3742 50143401 808 2064 3865 32905976 406 2683 4087 91404000 1492 3297 4585 150423847 284 2833 4804 107151010 1277 2717 4023 94232319 751 3057 4369 126774694 1682 2432 3900 67870231 784 2090 5045 37820755 
71 4294967295 48363 129183 22608 77481 106407 143982 123897 34620 52014 153018 81160 133961 141895 67841 101629 76586 98842 56501 12448 65246 38491 97055 148141 42374 44449 16523 113737 85784 104320 87887 465 2712 3962 94101431 1334 2063 4398 33820816 188 2127 3810 38595096 778 2522 4178 77038972 1089 2742 4300 97609209 1493 3242 3532 142812759 1277 2872 4277 109190284 317 2771 4056 100069465 504 1783 4795 8318983 1590 3175 4084 137953111 
71 4294967295 57012 106119 71619 132258 146769 5598 40290 123993 23184 109773 14851 93599 159193 119735 43969 13160 29650 79565 162364 10469 81736 68225 145258 56789 53098 152024 99322 51188 63958 33110 558 1968 4088 24547134 1086 3211 3905 140527373 715 2528 3496 75874208 1367 2220 4210 48039836 1523 1809 4361 10517623 5 3361 4642 156297511 378 2122 3711 38442425 1278 3395 3467 157235511 194 2717 4989 95837253 1125 2337 3965 59237601 
71 4294967295 143502 62874 13959 11172 71811 54609 97950 161472 103908 92475 58096 82067 6394 85139 9373 91001 133438 68033 101821 19118 107683 154715 29938 114449 148237 25172 151216 42539 130267 27344 1488 3084 3625 128436039 621 1971 4237 24813363 95 2744 4270 97525538 65 2274 4086 53602104 717 1718 3560 397332 532 3275 4585 147487063 998 3243 5018 145334455 1681 1750 3812 3757084 1062 2807 4333 103475281 939 3050 3649 125564860 
