50 4294967295 1389 4362 27663 17568 30705 22062 14874 7768 29993 12193 14090 23878 6899 3619 17132 19660 9941 11017 21626 27058 26006 0 802 1230 3365671 45 850 1162 3763058 398 607 1297 1483925 245 625 1007 1561872 444 738 1053 2653799 313 495 1357 445330 204 558 1116 971462 
50 4294967295 1389 18882 2979 23376 29253 4638 14874 16480 6761 26713 9734 10810 21419 25399 31652 28372 18653 12469 14366 22702 8582 0 690 1005 2196811 265 845 1050 3717078 24 629 1185 1638321 333 870 1227 4013332 422 784 1120 3110695 49 604 1033 1354282 204 825 1382 3654758 
50 4294967295 20265 10170 7335 14664 8925 23514 29394 6316 12569 19453 18446 22426 28679 3619 27296 13852 2681 31345 17270 5278 26006 286 650 943 1745723 133 735 1164 2697774 90 520 1093 531897 201 780 1182 3136324 114 495 1297 410459 335 536 1316 852374 424 915 1337 4493046 
50 4294967295 14457 13074 10239 27732 8925 22062 3258 17932 19829 7837 21350 16618 24323 5071 31652 6592 2681 25537 12914 27058 30362 198 540 1203 798535 177 692 943 2170214 134 712 1098 2453861 399 517 1363 660664 114 827 1226 3581627 313 850 1382 3870598 28 559 1271 1038738 
50 4294967295 24621 1458 10239 14664 13281 23514 7614 17932 9665 12193 27158 31138 28679 16687 4064 6592 20105 21181 5654 22702 30362 352 784 1337 3210791 1 625 964 1536174 134 912 1049 4354529 201 540 1314 849424 180 761 1207 2932583 335 712 1363 2580254 94 693 988 2188722 
50 4294967295 2841 23238 20403 29184 14733 8994 13422 25192 18377 12193 2474 19522 11255 22495 5516 31276 17201 26989 28886 8182 7130 22 564 1073 947123 331 736 1163 2702130 288 914 1011 4337589 421 849 1181 3781496 202 781 986 3044871 115 822 1340 3632470 182 625 940 1529998 
50 4294967295 7197 17430 5883 14664 21993 8994 13422 28096 5309 19453 16994 2098 31583 23947 27296 25468 21557 11017 4202 29962 12938 88 607 1229 1446611 243 826 1316 3625118 68 735 1160 2696345 201 803 1381 3441244 312 472 966 48911 115 866 1099 3947554 182 894 983 4111654 
50 4294967295 15909 7266 8787 19020 29253 3186 11970 26644 14021 6385 25706 31138 28679 15235 2612 24016 21557 11017 18722 5278 23102 220 912 1229 4437731 89 520 1186 572530 112 844 1337 3845845 267 607 1253 1460716 422 537 1292 844123 27 804 942 3234138 160 671 1115 2037714 
50 4294967295 28977 18882 24759 14664 20541 27870 10518 22288 12569 2029 5378 18070 27227 13783 17132 31276 7037 3757 8558 9634 24554 418 714 1315 2561747 265 778 1009 3056418 354 471 1032 80325 201 497 984 270076 290 649 1275 1898275 401 586 1093 1179074 138 914 1162 4405442 
50 4294967295 30429 24690 21855 23376 6021 3186 16326 29548 2405 18001 15542 9358 19967 7975 11324 12400 27365 21181 28886 5278 14390 440 561 939 895335 353 520 1121 547846 310 761 1205 2935441 333 628 1340 1716268 70 888 1074 4149843 27 713 1317 2553150 226 582 1138 1195554 
50 4294967295 1389 4362 27663 17568 30705 22062 14874 7768 29993 12193 14090 23878 6899 3619 17132 19660 9941 11017 21626 27058 26006 0 802 1230 3365671 45 850 1162 3763058 398 607 1297 1483925 245 625 1007 1561872 444 738 1053 2653799 313 495 1357 445330 204 558 1116 971462 
50 4294967295 1389 18882 2979 23376 29253 4638 14874 16480 6761 26713 9734 10810 21419 25399 31652 28372 18653 12469 14366 22702 8582 0 690 1005 2196811 265 845 1050 3717078 24 629 1185 1638321 333 870 1227 4013332 422 784 1120 3110695 49 604 1033 1354282 204 825 1382 3654758 
50 4294967295 20265 10170 7335 14664 8925 23514 29394 6316 12569 19453 18446 22426 28679 3619 27296 13852 2681 31345 17270 5278 26006 286 650 943 1745723 133 735 1164 2697774 90 520 1093 531897 201 780 1182 3136324 114 495 1297 410459 335 536 1316 852374 424 915 1337 4493046 
50 4294967295 14457 13074 10239 27732 8925 22062 3258 17932 19829 7837 21350 16618 24323 5071 31652 6592 2681 25537 12914 27058 30362 198 540 1203 798535 177 692 943 2170214 134 712 1098 2453861 399 517 1363 660664 114 827 1226 3581627 313 850 1382 3870598 28 559 1271 1038738 
50 4294967295 24621 1458 10239 14664 13281 23514 7614 17932 9665 12193 27158 31138 28679 16687 4064 6592 20105 21181 5654 22702 30362 352 784 1337 3210791 1 625 964 1536174 134 912 1049 4354529 201 540 1314 849424 180 761 1207 2932583 335 712 1363 2580254 94 693 988 2188722 
50 4294967295 2841 23238 20403 29184 14733 8994 13422 25192 18377 12193 2474 19522 11255 22495 5516 31276 17201 26989 28886 8182 7130 22 564 1073 947123 331 736 1163 2702130 288 914 1011 4337589 421 849 1181 3781496 202 781 986 3044871 115 822 1340 3632470 182 625 940 1529998 
50 4294967295 7197 17430 5883 14664 21993 8994 13422 28096 5309 19453 16994 2098 31583 23947 27296 25468 21557 11017 4202 29962 12938 88 607 1229 1446611 243 826 1316 3625118 68 735 1160 2696345 201 803 1381 3441244 312 472 966 48911 115 866 1099 3947554 182 894 983 4111654 
50 4294967295 15909 7266 8787 19020 29253 3186 11970 26644 14021 6385 25706 31138 28679 15235 2612 24016 21557 11017 18722 5278 23102 220 912 1229 4437731 89 520 1186 572530 112 844 1337 3845845 267 607 1253 1460716 422 537 1292 844123 27 804 942 3234138 160 671 1115 2037714 
50 4294967295 28977 18882 24759 14664 20541 27870 10518 22288 12569 2029 5378 18070 27227 13783 17132 31276 7037 3757 8558 9634 24554 418 714 1315 2561747 265 778 1009 3056418 354 471 1032 80325 201 497 984 270076 290 649 1275 1898275 401 586 1093 1179074 138 914 1162 4405442 
50 4294967295 30429 24690 21855 23376 6021 3186 16326 29548 2405 18001 15542 9358 19967 7975 11324 12400 27365 21181 28886 5278 14390 440 561 939 895335 353 520 1121 547846 310 761 1205 2935441 333 628 1340 1716268 70 888 1074 4149843 27 713 1317 2553150 226 582 1138 1195554 
