15 4294967295 2544 513 1591 1484 2056 1052 105 171 258 106912 8 193 278 146219 
15 4294967295 1956 513 709 1484 1909 2522 77 129 328 39292 8 186 278 133675 
15 4294967295 486 2130 2620 1484 880 1052 7 220 258 194034 85 137 278 46406 
15 4294967295 486 954 2179 896 1909 1346 7 186 272 132882 29 199 250 155774 
15 4294967295 339 1983 2620 2366 2203 1052 0 200 320 163409 78 220 258 194533 
15 4294967295 2544 954 2179 749 1909 611 105 186 243 130432 29 199 237 154206 
15 4294967295 1956 1101 1003 455 2644 1493 77 221 229 191388 36 143 279 58607 
15 4294967295 486 1836 2326 2219 1762 2081 7 206 307 174434 71 179 313 125492 
15 4294967295 2544 1395 1297 749 1762 1934 105 157 243 80256 50 179 300 123777 
15 4294967295 1515 2130 562 896 2056 1787 56 193 250 143417 85 122 293 22886 
15 4294967295 2544 513 1591 1484 2056 1052 105 171 258 106912 8 193 278 146219 
15 4294967295 1956 513 709 1484 1909 2522 77 129 328 39292 8 186 278 133675 
15 4294967295 486 2130 2620 1484 880 1052 7 220 258 194034 85 137 278 46406 
15 4294967295 486 954 2179 896 1909 1346 7 186 272 132882 29 199 250 155774 
15 4294967295 339 1983 2620 2366 2203 1052 0 200 320 163409 78 220 258 194533 
15 4294967295 2544 954 2179 749 1909 611 105 186 243 130432 29 199 237 154206 
15 4294967295 1956 1101 1003 455 2644 1493 77 221 229 191388 36 143 279 58607 
15 4294967295 486 1836 2326 2219 1762 2081 7 206 307 174434 71 179 313 125492 
15 4294967295 2544 1395 1297 749 1762 1934 105 157 243 80256 50 179 300 123777 
15 4294967295 1515 2130 562 896 2056 1787 56 193 250 143417 85 122 293 22886 
