64 4294967295 75351 35454 4965 117948 80403 73434 47649 90072 31362 52726 133427 19885 11210 8212 124193 71803 56072 38962 98495 137833 16262 69712 89261 46279 108164 18142 79970 840 2393 4307 73227253 365 2089 4613 45686146 2 2002 4087 37185263 1347 2166 4422 53042476 900 1636 3268 2800649 817 1775 3328 15623782 510 2368 4723 71341123 1015 1754 4197 14467440 316 3179 3802 143730254 
64 4294967295 54183 70734 14373 35628 120387 80490 87633 130056 123090 97414 8771 90445 44138 10564 105377 76507 126632 13090 112607 83737 35078 135568 93965 41575 21140 18142 134066 588 2698 4731 101909893 785 3152 3552 140793970 114 2615 3239 91886511 367 1694 3660 8505788 1376 2535 4642 86514601 901 2033 4253 40025782 986 2449 4389 78459843 1491 1754 4475 14927648 1408 1664 3386 5540846 
64 4294967295 134151 75438 7317 110892 59235 122826 61761 83016 26658 90358 44051 41053 81770 97588 65393 29467 13736 125986 114959 69625 58598 48544 39869 102727 68180 46366 117602 1540 1889 3913 26771333 841 2116 3832 46995426 30 2700 4503 101536767 1263 2027 3659 39097468 648 2614 4108 93286793 1405 2367 4535 71053366 678 2761 3298 104727763 931 3038 3609 130698576 260 2090 3946 44610702 
64 4294967295 4791 16638 108453 87372 28659 125178 26481 80664 134850 113878 58163 78685 20618 48196 93617 104731 70184 62482 112607 116665 131510 133216 11645 138007 32900 128686 84674 0 2475 3827 80085685 141 2894 3526 117806306 1234 3181 3273 142906879 983 2785 4143 108624156 284 2282 4475 63290953 1433 3070 4249 134287670 258 3124 3380 137963875 903 2927 4700 122251760 1548 2112 3970 47238670 
64 4294967295 56535 101310 70821 21516 113331 118122 82929 35976 127794 111526 121667 12829 77066 15268 131249 123547 96056 81298 133775 88441 11558 55600 68093 98023 65828 41662 21170 616 2866 3918 115898021 1149 1691 4278 9510818 786 3009 4697 129890127 199 2591 4727 91710140 1292 2705 3272 99605833 1349 2506 4583 83877254 930 1720 3945 11515651 371 2200 3387 53908912 1464 2034 4052 39728734 
64 4294967295 112983 28398 131973 134412 5139 125178 21777 111240 101922 19798 46403 52813 44138 97588 93617 137659 32552 76594 72623 24937 89174 48544 9293 74503 91700 128686 14114 1288 3070 4196 134194229 281 1835 3999 21775714 1514 2700 3245 99567359 1543 2450 4226 78207308 4 2116 3303 46122921 1433 3177 3687 143582774 202 1774 4249 17081267 1267 2425 3660 74758608 1156 2167 3522 51607118 
64 4294967295 49479 28398 91989 21516 80403 99306 52353 137112 132498 55078 36995 10477 32378 34084 110081 78859 86648 8386 122015 116665 44486 76768 13997 130951 72884 112222 61154 532 3097 4587 137345909 281 2927 4445 121832146 1038 1944 3520 31226079 199 2477 3301 79242188 900 2194 3863 54683417 1125 1663 4002 6516054 566 1638 4166 4221315 1575 2874 3575 115388624 1520 2452 3664 77312910 
64 4294967295 14199 101310 75525 117948 136851 38154 132321 54792 5490 78598 95795 99853 109994 17620 48929 24763 27848 104818 82031 83737 20966 50896 35165 130951 70532 13438 136418 112 2727 4444 103996901 1149 2786 3553 107690354 842 1833 3466 20942351 1347 1748 3384 13180780 1572 2144 3717 49384361 397 1698 4275 9489766 1518 2474 4111 80575075 595 2535 3974 85420224 8 3097 4759 137599374 
64 4294967295 35367 44862 26133 28572 106275 33450 118209 113592 92514 43318 25235 41053 135866 71716 70097 50635 11384 90706 96143 53161 6854 76768 21053 79207 126980 58126 39986 364 2618 3270 91938197 477 2392 4646 73753346 254 2452 3969 77769023 283 2171 3216 51091100 1208 2230 3611 56837065 341 2054 3385 41171990 1350 2141 4279 50271907 1295 2481 3435 79496320 1044 2027 4752 40834174 
64 4294967295 9495 63678 42597 129708 106275 7578 120561 61848 12546 59782 116963 22237 27674 50548 126545 102379 91352 41314 129071 79033 53894 15616 39869 123895 84644 32254 37634 56 2030 3464 38750853 701 2140 3583 49136530 450 1724 4527 12440655 1487 1803 3609 18636636 1208 2757 4641 106887625 33 2479 4142 80578182 1378 2250 4222 60372179 679 3013 3776 128412432 92 1922 4671 30484590 
64 4294967295 75351 35454 4965 117948 80403 73434 47649 90072 31362 52726 133427 19885 11210 8212 124193 71803 56072 38962 98495 137833 16262 69712 89261 46279 108164 18142 79970 840 2393 4307 73227253 365 2089 4613 45686146 2 2002 4087 37185263 1347 2166 4422 53042476 900 1636 3268 2800649 817 1775 3328 15623782 510 2368 4723 71341123 1015 1754 4197 14467440 316 3179 3802 143730254 
64 4294967295 54183 70734 14373 35628 120387 80490 87633 130056 123090 97414 8771 90445 44138 10564 105377 76507 126632 13090 112607 83737 35078 135568 93965 41575 21140 18142 134066 588 2698 4731 101909893 785 3152 3552 140793970 114 2615 3239 91886511 367 1694 3660 8505788 1376 2535 4642 86514601 901 2033 4253 40025782 986 2449 4389 78459843 1491 1754 4475 14927648 1408 1664 3386 5540846 
64 4294967295 134151 75438 7317 110892 59235 122826 61761 83016 26658 90358 44051 41053 81770 97588 65393 29467 13736 125986 114959 69625 58598 48544 39869 102727 68180 46366 117602 1540 1889 3913 26771333 841 2116 3832 46995426 30 2700 4503 101536767 1263 2027 3659 39097468 648 2614 4108 93286793 1405 2367 4535 71053366 678 2761 3298 104727763 931 3038 3609 130698576 260 2090 3946 44610702 
64 4294967295 4791 16638 108453 87372 28659 125178 26481 80664 134850 113878 58163 78685 20618 48196 93617 104731 70184 62482 112607 116665 131510 133216 11645 138007 32900 128686 84674 0 2475 3827 80085685 141 2894 3526 117806306 1234 3181 3273 142906879 983 2785 4143 108624156 284 2282 4475 63290953 1433 3070 4249 134287670 258 3124 3380 137963875 903 2927 4700 122251760 1548 2112 3970 47238670 
64 4294967295 56535 101310 70821 21516 113331 118122 82929 35976 127794 111526 121667 12829 77066 15268 131249 123547 96056 81298 133775 88441 11558 55600 68093 98023 65828 41662 21170 616 2866 3918 115898021 1149 1691 4278 9510818 786 3009 4697 129890127 199 2591 4727 91710140 1292 2705 3272 99605833 1349 2506 4583 83877254 930 1720 3945 11515651 371 2200 3387 53908912 1464 2034 4052 39728734 
64 4294967295 112983 28398 131973 134412 5139 125178 21777 111240 101922 19798 46403 52813 44138 97588 93617 137659 32552 76594 72623 24937 89174 48544 9293 74503 91700 128686 14114 1288 3070 4196 134194229 281 1835 3999 21775714 1514 2700 3245 99567359 1543 2450 4226 78207308 4 2116 3303 46122921 1433 3177 3687 143582774 202 1774 4249 17081267 1267 2425 3660 74758608 1156 2167 3522 51607118 
64 4294967295 49479 28398 91989 21516 80403 99306 52353 137112 132498 55078 36995 10477 32378 34084 110081 78859 86648 8386 122015 116665 44486 76768 13997 130951 72884 112222 61154 532 3097 4587 137345909 281 2927 4445 121832146 1038 1944 3520 31226079 199 2477 3301 79242188 900 2194 3863 54683417 1125 1663 4002 6516054 566 1638 4166 4221315 1575 2874 3575 115388624 1520 2452 3664 77312910 
64 4294967295 14199 101310 75525 117948 136851 38154 132321 54792 5490 78598 95795 99853 109994 17620 48929 24763 27848 104818 82031 83737 20966 50896 35165 130951 70532 13438 136418 112 2727 4444 103996901 1149 2786 3553 107690354 842 1833 3466 20942351 1347 1748 3384 13180780 1572 2144 3717 49384361 397 1698 4275 9489766 1518 2474 4111 80575075 595 2535 3974 85420224 8 3097 4759 137599374 
64 4294967295 35367 44862 26133 28572 106275 33450 118209 113592 92514 43318 25235 41053 135866 71716 70097 50635 11384 90706 96143 53161 6854 76768 21053 79207 126980 58126 39986 364 2618 3270 91938197 477 2392 4646 73753346 254 2452 3969 77769023 283 2171 3216 51091100 1208 2230 3611 56837065 341 2054 3385 41171990 1350 2141 4279 50271907 1295 2481 3435 79496320 1044 2027 4752 40834174 
64 4294967295 9495 63678 42597 129708 106275 7578 120561 61848 12546 59782 116963 22237 27674 50548 126545 102379 91352 41314 129071 79033 53894 15616 39869 123895 84644 32254 37634 56 2030 3464 38750853 701 2140 3583 49136530 450 1724 4527 12440655 1487 1803 3609 18636636 1208 2757 4641 106887625 33 2479 4142 80578182 1378 2250 4222 60372179 679 3013 3776 128412432 92 1922 4671 30484590 
