15 4294967295 4728 1668 4657 4550 2770 3971 189 347 657 869968 43 437 684 1701556 
15 4294967295 4728 1668 5098 3668 1300 2795 189 277 642 231400 43 458 601 1870900 
15 4294967295 4434 3138 2452 1904 5269 6029 175 466 558 1924742 113 332 755 767126 
15 4294967295 2082 3579 3040 5285 6004 2354 63 360 719 1011970 134 501 580 2247269 
15 4294967295 3111 1521 5686 5873 1153 3383 112 270 747 193817 36 486 629 2131923 
15 4294967295 1788 4461 2305 2051 1447 5294 49 284 720 313328 176 325 565 656435 
15 4294967295 1788 2403 4069 5873 5269 884 49 466 510 1911512 78 409 747 1463661 
15 4294967295 2670 3726 4510 2198 1447 4706 91 430 572 1610162 141 284 692 306918 
15 4294967295 3552 1080 1276 1610 2182 3089 133 276 544 206312 15 319 615 604152 
15 4294967295 5463 5343 2746 2051 859 3089 224 346 565 847281 218 256 615 34037 
15 4294967295 4728 1668 4657 4550 2770 3971 189 347 657 869968 43 437 684 1701556 
15 4294967295 4728 1668 5098 3668 1300 2795 189 277 642 231400 43 458 601 1870900 
15 4294967295 4434 3138 2452 1904 5269 6029 175 466 558 1924742 113 332 755 767126 
15 4294967295 2082 3579 3040 5285 6004 2354 63 360 719 1011970 134 501 580 2247269 
15 4294967295 3111 1521 5686 5873 1153 3383 112 270 747 193817 36 486 629 2131923 
15 4294967295 1788 4461 2305 2051 1447 5294 49 284 720 313328 176 325 565 656435 
15 4294967295 1788 2403 4069 5873 5269 884 49 466 510 1911512 78 409 747 1463661 
15 4294967295 2670 3726 4510 2198 1447 4706 91 430 572 1610162 141 284 692 306918 
15 4294967295 3552 1080 1276 1610 2182 3089 133 276 544 206312 15 319 615 604152 
15 4294967295 5463 5343 2746 2051 859 3089 224 346 565 847281 218 256 615 34037 
