71 4294967295 152616 46041 103797 51999 118404 83904 17691 135990 43830 124653 49912 71000 21274 172094 35785 100115 113722 175169 61924 42647 93733 25445 15988 91850 142936 103478 65191 8408 58657 108533 1581 2336 4772 54024352 435 2430 3933 62810807 1056 2028 4118 18201219 499 2184 4647 36462173 1213 2500 4827 71426268 842 1971 5510 13870088 130 3022 4736 130032917 1402 2807 5543 107354310 411 2465 4423 67192230 1280 3336 3750 162819451 
71 4294967295 152616 115233 132627 161553 37680 32010 72468 35085 52479 49695 110455 65234 27040 140381 168403 166424 56062 80030 90754 45530 15892 175361 62116 68786 177532 138074 88255 149675 9646 114299 1581 2090 5269 27270112 1179 2748 4399 98294771 1366 2467 4889 68086729 1677 3610 5144 196562851 345 2987 4149 125484440 284 3708 4361 205456970 719 2775 5545 103873536 317 1903 5169 6300355 504 1970 5449 13744293 474 2402 4520 60447965 
71 4294967295 146850 17211 170106 54882 158766 112734 9042 37968 64011 107355 96040 157490 145243 163445 32902 51104 139669 111743 174361 103190 99499 166712 82297 8243 116989 94829 154564 68951 119200 71054 1519 3081 4861 137225810 125 3361 5417 169356877 1769 3301 4401 160585862 530 2832 5353 110440914 1647 2684 5452 93350522 1152 3057 3748 131679078 37 3461 4424 177887834 348 3674 4769 202748936 628 2153 4209 32199337 1094 2869 4679 112649485 
71 4294967295 66126 100818 115329 126957 75159 155979 60936 112926 64011 133302 44146 125777 119296 140381 148222 10742 35881 7955 162829 57062 160042 34094 177436 94733 85276 40052 96904 83366 52891 47990 651 3082 3775 135180802 1024 3393 4090 170364966 1180 3707 4556 205830703 1305 2841 4176 108273859 748 2716 4273 94591173 1617 2185 3745 34824693 595 2368 5169 58202972 1154 3520 4026 184092082 628 3550 4678 188746237 1373 2274 5012 47559994 
71 4294967295 120903 80637 25956 138489 86691 155979 92649 104277 101490 69876 110455 174788 162541 131732 38668 97232 35881 74264 50392 45530 15892 54275 137074 57254 30499 63116 42127 117962 99019 125831 1240 2127 4149 28643381 807 2987 4458 126075359 219 2341 4928 54270432 1429 1970 4338 11697203 872 2215 5539 41605477 1617 2252 4243 42666453 936 2864 5076 113394163 1061 2185 4705 36594919 1031 3273 5013 158256590 691 3547 4275 187998612 
71 4294967295 94956 25860 20190 49116 72276 83904 161841 17787 35181 139068 32614 117128 171190 169211 30019 59753 44530 108860 76339 166616 157159 100403 53467 178340 125638 155372 137266 115079 150913 148895 961 2278 5451 48354452 218 3640 5330 200323180 157 3150 4919 144218110 468 2620 5577 86625412 717 2150 4897 33470612 842 2122 5479 31110428 1680 2374 5261 58409587 131 3275 4739 157709749 318 3422 4302 174206307 1435 3489 4830 182140356 
71 4294967295 129552 152712 115329 69297 86691 17595 32106 112926 12117 15099 52795 47936 139477 163445 93445 28040 30115 62732 7147 137786 111031 166712 50584 161042 79510 135191 143032 40121 21178 120065 1333 3299 5113 161898524 1582 2123 3961 28308024 1180 1876 4091 849403 685 2367 4951 57802139 872 3337 5391 165862777 129 2804 5417 107084205 285 2654 4334 87772942 1154 2993 5141 127354642 70 2343 4175 52881979 102 2027 5452 20651033 
71 4294967295 77658 126765 72084 14520 20382 34893 32106 110043 113022 98706 168115 120011 90466 123083 64615 177956 9934 143456 96520 134903 44722 68690 41935 109148 151585 19871 82489 40121 104785 146012 775 2686 4398 91363046 1303 2250 5230 44501835 715 2280 4091 45809788 96 2494 4983 71679940 159 2772 5202 103221914 315 3607 3873 194156571 285 2926 5110 120350842 1123 2837 4833 109479081 1155 1906 5573 7075914 1001 3429 4950 175438342 
71 4294967295 129552 48924 83616 40467 75159 164628 121479 43734 113022 66993 47029 91181 162541 105785 15604 111647 53179 33902 38860 146435 125446 97520 24637 152393 36265 149606 174745 141026 6763 108533 1333 1967 4860 12674444 466 3148 4797 143997048 839 2305 4640 50311112 375 2189 5176 37438549 748 1872 5234 2969433 1710 3547 5268 189875316 1246 2064 4708 22762253 410 3678 4024 201367018 1155 2371 5298 58450974 660 2217 4827 40272731 
71 4294967295 28647 95052 14424 43350 132819 164628 156075 167703 89958 52578 93157 111362 176956 151913 35785 131828 21466 33902 102286 149318 47605 60041 7339 51488 10318 161138 65191 74717 78838 125831 248 2801 4213 104839149 962 2030 5013 19870444 95 2311 5077 51095288 406 2184 4857 36862910 1368 1878 4024 739913 1710 3702 5293 207230976 1618 2899 5392 117451505 1743 1910 4463 5018381 907 2500 5265 72224026 505 2647 4305 87722106 
71 4294967295 152616 46041 103797 51999 118404 83904 17691 135990 43830 124653 49912 71000 21274 172094 35785 100115 113722 175169 61924 42647 93733 25445 15988 91850 142936 103478 65191 8408 58657 108533 1581 2336 4772 54024352 435 2430 3933 62810807 1056 2028 4118 18201219 499 2184 4647 36462173 1213 2500 4827 71426268 842 1971 5510 13870088 130 3022 4736 130032917 1402 2807 5543 107354310 411 2465 4423 67192230 1280 3336 3750 162819451 
71 4294967295 152616 115233 132627 161553 37680 32010 72468 35085 52479 49695 110455 65234 27040 140381 168403 166424 56062 80030 90754 45530 15892 175361 62116 68786 177532 138074 88255 149675 9646 114299 1581 2090 5269 27270112 1179 2748 4399 98294771 1366 2467 4889 68086729 1677 3610 5144 196562851 345 2987 4149 125484440 284 3708 4361 205456970 719 2775 5545 103873536 317 1903 5169 6300355 504 1970 5449 13744293 474 2402 4520 60447965 
71 4294967295 146850 17211 170106 54882 158766 112734 9042 37968 64011 107355 96040 157490 145243 163445 32902 51104 139669 111743 174361 103190 99499 166712 82297 8243 116989 94829 154564 68951 119200 71054 1519 3081 4861 137225810 125 3361 5417 169356877 1769 3301 4401 160585862 530 2832 5353 110440914 1647 2684 5452 93350522 1152 3057 3748 131679078 37 3461 4424 177887834 348 3674 4769 202748936 628 2153 4209 32199337 1094 2869 4679 112649485 
71 4294967295 66126 100818 115329 126957 75159 155979 60936 112926 64011 133302 44146 125777 119296 140381 148222 10742 35881 7955 162829 57062 160042 34094 177436 94733 85276 40052 96904 83366 52891 47990 651 3082 3775 135180802 1024 3393 4090 170364966 1180 3707 4556 205830703 1305 2841 4176 108273859 748 2716 4273 94591173 1617 2185 3745 34824693 595 2368 5169 58202972 1154 3520 4026 184092082 628 3550 4678 188746237 1373 2274 5012 47559994 
71 4294967295 120903 80637 25956 138489 86691 155979 92649 104277 101490 69876 110455 174788 162541 131732 38668 97232 35881 74264 50392 45530 15892 54275 137074 57254 30499 63116 42127 117962 99019 125831 1240 2127 4149 28643381 807 2987 4458 126075359 219 2341 4928 54270432 1429 1970 4338 11697203 872 2215 5539 41605477 1617 2252 4243 42666453 936 2864 5076 113394163 1061 2185 4705 36594919 1031 3273 5013 158256590 691 3547 4275 187998612 
71 4294967295 94956 25860 20190 49116 72276 83904 161841 17787 35181 139068 32614 117128 171190 169211 30019 59753 44530 108860 76339 166616 157159 100403 53467 178340 125638 155372 137266 115079 150913 148895 961 2278 5451 48354452 218 3640 5330 200323180 157 3150 4919 144218110 468 2620 5577 86625412 717 2150 4897 33470612 842 2122 5479 31110428 1680 2374 5261 58409587 131 3275 4739 157709749 318 3422 4302 174206307 1435 3489 4830 182140356 
71 4294967295 129552 152712 115329 69297 86691 17595 32106 112926 12117 15099 52795 47936 139477 163445 93445 28040 30115 62732 7147 137786 111031 166712 50584 161042 79510 135191 143032 40121 21178 120065 1333 3299 5113 161898524 1582 2123 3961 28308024 1180 1876 4091 849403 685 2367 4951 57802139 872 3337 5391 165862777 129 2804 5417 107084205 285 2654 4334 87772942 1154 2993 5141 127354642 70 2343 4175 52881979 102 2027 5452 20651033 
71 4294967295 77658 126765 72084 14520 20382 34893 32106 110043 113022 98706 168115 120011 90466 123083 64615 177956 9934 143456 96520 134903 44722 68690 41935 109148 151585 19871 82489 40121 104785 146012 775 2686 4398 91363046 1303 2250 5230 44501835 715 2280 4091 45809788 96 2494 4983 71679940 159 2772 5202 103221914 315 3607 3873 194156571 285 2926 5110 120350842 1123 2837 4833 109479081 1155 1906 5573 7075914 1001 3429 4950 175438342 
71 4294967295 129552 48924 83616 40467 75159 164628 121479 43734 113022 66993 47029 91181 162541 105785 15604 111647 53179 33902 38860 146435 125446 97520 24637 152393 36265 149606 174745 141026 6763 108533 1333 1967 4860 12674444 466 3148 4797 143997048 839 2305 4640 50311112 375 2189 5176 37438549 748 1872 5234 2969433 1710 3547 5268 189875316 1246 2064 4708 22762253 410 3678 4024 201367018 1155 2371 5298 58450974 660 2217 4827 40272731 
71 4294967295 28647 95052 14424 43350 132819 164628 156075 167703 89958 52578 93157 111362 176956 151913 35785 131828 21466 33902 102286 149318 47605 60041 7339 51488 10318 161138 65191 74717 78838 125831 248 2801 4213 104839149 962 2030 5013 19870444 95 2311 5077 51095288 406 2184 4857 36862910 1368 1878 4024 739913 1710 3702 5293 207230976 1618 2899 5392 117451505 1743 1910 4463 5018381 907 2500 5265 72224026 505 2647 4305 87722106 
