64 4294967295 23439 35286 2445 11940 4971 16818 54537 7584 45306 61966 20363 64405 15746 38620 48761 50467 32384 57610 44231 22417 11390 53080 60869 41407 35084 29734 28058 252 1466 1902 14636413 393 1329 2065 11909690 2 1221 1819 9422087 115 1360 2011 12431108 32 995 1620 4702465 173 1188 1672 8749502 622 1414 2209 13736555 63 1082 1870 6608456 512 1495 1727 15088230 
64 4294967295 2271 44694 51837 49572 23787 61506 28665 54624 17082 12574 32123 57349 60434 33916 37001 22243 6512 10570 48935 64753 20798 41320 39701 43759 28028 15622 9242 0 1411 2204 13719133 505 1499 1732 15088026 590 1249 1562 9819575 563 878 1818 2579364 256 1220 2067 9619713 705 993 1867 4911822 314 1132 1925 7800891 623 914 1957 3258424 176 854 1595 1827654 
64 4294967295 18735 2358 33021 54276 7323 12114 61593 35808 21786 29038 27419 10309 51026 43324 60521 17539 32384 45850 41879 57697 39614 6040 16181 48463 65660 25030 53930 196 800 1983 981485 1 1026 1956 5527146 366 1274 2205 10871703 619 851 1870 2051732 60 1244 2127 10228097 117 1074 2266 6906318 706 1305 1677 11050571 399 1415 1811 13433960 232 937 2092 3924854 
64 4294967295 23439 11766 47133 28404 2619 45042 16905 61680 26490 57262 8603 59701 22802 33916 11129 43411 55904 50554 32471 5953 41966 53080 20885 64927 39788 36790 16298 252 1166 1733 8222509 113 1330 1679 11605498 534 1501 1587 14982999 311 1245 1871 10044612 4 1132 1984 7834545 509 1410 1958 13542878 174 1439 1617 13851019 707 1360 2150 12553528 288 799 1756 814726 
64 4294967295 18735 11766 35373 4884 56715 14466 59241 9936 26490 40798 46235 22069 51026 48028 44057 38707 62960 31738 25415 3601 34910 55432 65573 53167 9212 17974 30410 196 1361 1847 12306365 113 771 2035 449962 394 1388 2234 13179799 31 1214 2265 9761588 648 1300 1594 10985441 145 1189 2092 9066238 678 942 1900 3789163 91 1106 1787 7117272 288 991 2009 5005990 
64 4294967295 18735 51750 7149 61332 26139 37986 56889 9936 42954 21982 13307 54997 51026 15100 41705 64579 37088 17626 25415 5953 30206 48376 4421 34351 32732 46198 60986 196 1383 1981 12983741 589 908 1926 3236298 58 1304 1537 10926583 703 1278 2092 10796468 284 938 1643 3587617 425 1497 1874 15191630 650 799 2211 1163547 91 1137 1844 7731144 484 990 1787 4842134 
64 4294967295 39903 56454 51837 33108 44955 42690 21609 26400 19434 64318 32123 12661 36914 59788 62873 50467 15920 5866 4247 10657 39614 17800 25589 8479 49196 55606 30410 448 1494 2233 15467453 645 1440 2070 14202890 590 855 1674 1902743 367 1329 1535 11506772 508 879 1867 2620161 481 829 1924 1518670 230 798 1956 961275 287 1390 1789 12838120 204 940 1847 3733558 
64 4294967295 32847 7062 40077 11940 2619 59154 52185 31104 61770 14926 43883 47941 25154 19804 37001 64579 11216 57610 30119 50641 18446 55432 23237 6127 39788 27382 46874 364 1388 2007 13009613 57 1414 1761 13382042 450 964 1704 4206135 115 906 1618 2990180 4 1054 1784 5971761 677 801 1958 973790 594 1299 1925 11237947 343 1331 1843 11738952 708 1497 2043 15326566 
64 4294967295 25791 28230 51837 58980 23787 16818 56889 2880 38250 45502 36827 50293 62786 10396 34649 22243 6512 31738 8951 13009 20798 55432 65573 41407 44492 48550 16298 280 1388 1591 12689741 309 1270 2232 10891274 590 1306 1923 11237831 675 1106 1562 6964276 256 1221 1897 9492705 173 883 1679 2462606 650 993 2014 5016123 7 1327 1732 11644872 428 852 2265 2342742 
64 4294967295 56367 49398 25965 7236 42603 52098 63945 33456 28842 45502 60347 24421 18098 19804 11129 38707 22976 3514 63047 5953 41966 15448 49109 36703 13916 55606 32762 644 964 1617 4148061 561 1019 1650 5309978 282 770 2069 475863 59 799 1700 765972 480 1270 2203 10874897 593 1189 1875 8909438 734 1165 1984 8426523 371 1390 1758 12819304 316 912 2235 3461510 
64 4294967295 23439 35286 2445 11940 4971 16818 54537 7584 45306 61966 20363 64405 15746 38620 48761 50467 32384 57610 44231 22417 11390 53080 60869 41407 35084 29734 28058 252 1466 1902 14636413 393 1329 2065 11909690 2 1221 1819 9422087 115 1360 2011 12431108 32 995 1620 4702465 173 1188 1672 8749502 622 1414 2209 13736555 63 1082 1870 6608456 512 1495 1727 15088230 
64 4294967295 2271 44694 51837 49572 23787 61506 28665 54624 17082 12574 32123 57349 60434 33916 37001 22243 6512 10570 48935 64753 20798 41320 39701 43759 28028 15622 9242 0 1411 2204 13719133 505 1499 1732 15088026 590 1249 1562 9819575 563 878 1818 2579364 256 1220 2067 9619713 705 993 1867 4911822 314 1132 1925 7800891 623 914 1957 3258424 176 854 1595 1827654 
64 4294967295 18735 2358 33021 54276 7323 12114 61593 35808 21786 29038 27419 10309 51026 43324 60521 17539 32384 45850 41879 57697 39614 6040 16181 48463 65660 25030 53930 196 800 1983 981485 1 1026 1956 5527146 366 1274 2205 10871703 619 851 1870 2051732 60 1244 2127 10228097 117 1074 2266 6906318 706 1305 1677 11050571 399 1415 1811 13433960 232 937 2092 3924854 
64 4294967295 23439 11766 47133 28404 2619 45042 16905 61680 26490 57262 8603 59701 22802 33916 11129 43411 55904 50554 32471 5953 41966 53080 20885 64927 39788 36790 16298 252 1166 1733 8222509 113 1330 1679 11605498 534 1501 1587 14982999 311 1245 1871 10044612 4 1132 1984 7834545 509 1410 1958 13542878 174 1439 1617 13851019 707 1360 2150 12553528 288 799 1756 814726 
64 4294967295 18735 11766 35373 4884 56715 14466 59241 9936 26490 40798 46235 22069 51026 48028 44057 38707 62960 31738 25415 3601 34910 55432 65573 53167 9212 17974 30410 196 1361 1847 12306365 113 771 2035 449962 394 1388 2234 13179799 31 1214 2265 9761588 648 1300 1594 10985441 145 1189 2092 9066238 678 942 1900 3789163 91 1106 1787 7117272 288 991 2009 5005990 
64 4294967295 18735 51750 7149 61332 26139 37986 56889 9936 42954 21982 13307 54997 51026 15100 41705 64579 37088 17626 25415 5953 30206 48376 4421 34351 32732 46198 60986 196 1383 1981 12983741 589 908 1926 3236298 58 1304 1537 10926583 703 1278 2092 10796468 284 938 1643 3587617 425 1497 1874 15191630 650 799 2211 1163547 91 1137 1844 7731144 484 990 1787 4842134 
64 4294967295 39903 56454 51837 33108 44955 42690 21609 26400 19434 64318 32123 12661 36914 59788 62873 50467 15920 5866 4247 10657 39614 17800 25589 8479 49196 55606 30410 448 1494 2233 15467453 645 1440 2070 14202890 590 855 1674 1902743 367 1329 1535 11506772 508 879 1867 2620161 481 829 1924 1518670 230 798 1956 961275 287 1390 1789 12838120 204 940 1847 3733558 
64 4294967295 32847 7062 40077 11940 2619 59154 52185 31104 61770 14926 43883 47941 25154 19804 37001 64579 11216 57610 30119 50641 18446 55432 23237 6127 39788 27382 46874 364 1388 2007 13009613 57 1414 1761 13382042 450 964 1704 4206135 115 906 1618 2990180 4 1054 1784 5971761 677 801 1958 973790 594 1299 1925 11237947 343 1331 1843 11738952 708 1497 2043 15326566 
64 4294967295 25791 28230 51837 58980 23787 16818 56889 2880 38250 45502 36827 50293 62786 10396 34649 22243 6512 31738 8951 13009 20798 55432 65573 41407 44492 48550 16298 280 1388 1591 12689741 309 1270 2232 10891274 590 1306 1923 11237831 675 1106 1562 6964276 256 1221 1897 9492705 173 883 1679 2462606 650 993 2014 5016123 7 1327 1732 11644872 428 852 2265 2342742 
64 4294967295 56367 49398 25965 7236 42603 52098 63945 33456 28842 45502 60347 24421 18098 19804 11129 38707 22976 3514 63047 5953 41966 15448 49109 36703 13916 55606 32762 644 964 1617 4148061 561 1019 1650 5309978 282 770 2069 475863 59 799 1700 765972 480 1270 2203 10874897 593 1189 1875 8909438 734 1165 1984 8426523 371 1390 1758 12819304 316 912 2235 3461510 
