36 4294967295 17811 7110 1785 11820 22626 25042 14519 17413 6890 12856 16157 28267 13904 2974 23906 336 586 1421 508817 113 1113 1228 10746530 2 1046 1583 9687475 211 887 1387 6447300 436 792 1374 4560342 
36 4294967295 17811 21702 13305 9516 11106 24274 5303 21253 15338 25144 6941 26731 14672 2974 9314 336 1048 1229 9495697 417 1081 1390 10213794 242 1030 1279 9207475 163 967 1195 7907012 196 586 1404 497622 
36 4294967295 27795 20166 19449 24108 10338 18130 6071 16645 12266 9016 3101 12907 3920 11422 19298 544 712 1149 2868625 385 762 1166 3815842 370 902 1211 6664883 467 871 1340 6110916 180 793 1487 4618966 
36 4294967295 13971 10950 27129 16428 7266 3538 2999 8965 6122 24376 18461 10603 8528 20638 13154 256 598 1262 731537 193 954 1359 7683490 530 1032 1147 9140403 307 711 1469 3044036 116 745 1212 3524822 
36 4294967295 24723 25542 5625 2604 21090 8914 7607 9733 26858 3640 8477 15979 20816 6814 13922 480 666 1243 1980561 497 857 1261 5752994 82 600 1644 943795 19 727 1518 3379908 404 710 1375 2991830 
36 4294967295 2451 22470 17145 7212 10338 27346 12983 12037 5354 22072 9245 25963 18512 15262 20834 16 984 1355 8307857 433 775 1470 4300450 322 842 1277 5445555 115 1094 1519 10594244 180 1065 1196 9788886 
36 4294967295 15507 6342 3321 20268 25698 28114 13751 25093 9962 22840 14621 5995 8528 12190 26978 288 1047 1292 9530769 97 1110 1647 10979234 34 778 1262 4177587 387 1000 1389 8645316 500 649 1371 1738966 
36 4294967295 9363 16326 7161 4140 6498 23506 20663 26629 23018 15928 25373 5227 3152 8350 20066 160 1014 1613 9080721 305 633 1564 1529762 114 856 1515 5890227 51 1079 1150 10073540 100 698 1503 2745046 
36 4294967295 27027 17094 17913 5676 4962 20434 9143 25093 9962 2104 15389 15979 13904 26782 7778 528 857 1405 5834129 321 950 1247 7622818 338 1047 1275 9522611 83 568 1374 164292 68 1082 1292 10154454 
36 4294967295 11667 9414 14841 17964 21090 15826 7607 28165 14570 10552 2333 11371 26192 19870 13154 208 938 1133 7244689 161 744 1359 3606178 274 761 1388 3939507 339 1111 1630 10974148 404 854 1243 5742550 
36 4294967295 17811 7110 1785 11820 22626 25042 14519 17413 6890 12856 16157 28267 13904 2974 23906 336 586 1421 508817 113 1113 1228 10746530 2 1046 1583 9687475 211 887 1387 6447300 436 792 1374 4560342 
36 4294967295 17811 21702 13305 9516 11106 24274 5303 21253 15338 25144 6941 26731 14672 2974 9314 336 1048 1229 9495697 417 1081 1390 10213794 242 1030 1279 9207475 163 967 1195 7907012 196 586 1404 497622 
36 4294967295 27795 20166 19449 24108 10338 18130 6071 16645 12266 9016 3101 12907 3920 11422 19298 544 712 1149 2868625 385 762 1166 3815842 370 902 1211 6664883 467 871 1340 6110916 180 793 1487 4618966 
36 4294967295 13971 10950 27129 16428 7266 3538 2999 8965 6122 24376 18461 10603 8528 20638 13154 256 598 1262 731537 193 954 1359 7683490 530 1032 1147 9140403 307 711 1469 3044036 116 745 1212 3524822 
36 4294967295 24723 25542 5625 2604 21090 8914 7607 9733 26858 3640 8477 15979 20816 6814 13922 480 666 1243 1980561 497 857 1261 5752994 82 600 1644 943795 19 727 1518 3379908 404 710 1375 2991830 
36 4294967295 2451 22470 17145 7212 10338 27346 12983 12037 5354 22072 9245 25963 18512 15262 20834 16 984 1355 8307857 433 775 1470 4300450 322 842 1277 5445555 115 1094 1519 10594244 180 1065 1196 9788886 
36 4294967295 15507 6342 3321 20268 25698 28114 13751 25093 9962 22840 14621 5995 8528 12190 26978 288 1047 1292 9530769 97 1110 1647 10979234 34 778 1262 4177587 387 1000 1389 8645316 500 649 1371 1738966 
36 4294967295 9363 16326 7161 4140 6498 23506 20663 26629 23018 15928 25373 5227 3152 8350 20066 160 1014 1613 9080721 305 633 1564 1529762 114 856 1515 5890227 51 1079 1150 10073540 100 698 1503 2745046 
36 4294967295 27027 17094 17913 5676 4962 20434 9143 25093 9962 2104 15389 15979 13904 26782 7778 528 857 1405 5834129 321 950 1247 7622818 338 1047 1275 9522611 83 568 1374 164292 68 1082 1292 10154454 
36 4294967295 11667 9414 14841 17964 21090 15826 7607 28165 14570 10552 2333 11371 26192 19870 13154 208 938 1133 7244689 161 744 1359 3606178 274 761 1388 3939507 339 1111 1630 10974148 404 854 1243 5742550 
