50 4294967295 44817 33270 15915 26148 53805 13218 6030 14896 51641 3349 60422 38266 25643 47047 8288 10816 21425 44281 20042 41446 49106 638 1531 2507 23472351 463 1573 2151 24778206 200 1086 2545 7230325 355 1440 1888 19656080 774 1488 2066 21451259 159 911 2678 839658 50 1024 2087 4369494 
50 4294967295 50625 18750 7203 53736 55257 40806 29262 13444 5177 6253 12506 45526 34355 48499 37328 61636 24329 44281 53438 39994 11354 726 1466 1841 20438155 243 1595 1952 25408374 68 1064 2283 6175689 773 1794 2328 33079820 796 1531 2131 23138483 577 955 1935 1801366 402 1550 2572 24340302 
50 4294967295 7065 12942 56571 58092 4437 8862 59754 25060 26957 55621 28478 35362 44519 47047 18452 3556 50465 15241 22946 54514 49106 66 1396 2042 18161419 155 1573 2171 24791274 816 1091 2110 6846997 839 1686 2194 28894188 26 914 2437 618447 93 1240 2507 12883514 864 1703 2527 30006006 
50 4294967295 54981 43434 59475 4368 53805 42258 20550 58456 28409 41101 50258 46978 14027 12199 32972 52924 46109 6529 9878 3694 18614 792 959 2045 1905311 617 1483 1912 21308894 860 1572 1975 24628189 25 916 2461 638268 774 1662 2193 28079155 599 1746 2524 31627382 270 1045 2262 5346690 
50 4294967295 39009 2778 24627 11628 26217 16122 36522 57004 32765 48361 41546 61498 14027 52855 6836 23884 19973 7981 54890 29830 52010 550 1724 2551 30832539 1 1222 1866 11492406 332 1792 2065 32831989 135 981 2392 3021968 356 1661 2259 28129491 203 1593 2594 25982974 512 1312 1975 14857290 
50 4294967295 33201 53598 49311 52284 27669 8862 20550 41032 58901 12061 25574 32458 61943 36883 40232 13720 44657 16693 22946 60322 24422 462 1043 2372 5450127 771 1113 2439 7957270 706 1774 2150 32105989 751 1482 2655 21986540 378 1352 2133 16620455 93 1419 2701 19570942 270 1068 2110 6021386 
50 4294967295 4161 18750 15915 8724 55257 24834 32166 54100 61805 6253 28478 26650 14027 35431 43136 50020 38849 29761 44726 60322 15710 22 1264 2416 13616175 243 1618 2440 26658546 200 1311 2351 15187769 91 1397 2699 18757292 796 955 1975 1845871 335 1680 2194 28883102 446 1774 2001 31961366 
50 4294967295 40461 37626 34791 7272 55257 11766 19098 23608 44381 52717 57518 20842 27095 9295 6836 5008 15617 58801 11330 39994 31682 572 1751 2173 31309279 529 936 1999 1046234 486 1659 2634 28469697 69 1176 2243 10204044 796 1001 2435 3889803 137 1466 1866 20445046 248 1218 1934 11557378 
50 4294967295 40461 50694 18819 52284 61065 24834 20550 30868 47285 23677 15410 12130 16931 38335 18452 5008 22877 29761 34562 10954 36038 572 1311 2479 15315015 727 1328 2019 15715306 244 936 2042 1079653 751 1026 1996 4305536 884 1219 2309 11908715 335 1044 2109 5209210 270 1441 2286 20011406 
50 4294967295 17229 27462 53667 49380 37833 58230 23454 48292 45833 35293 16862 6322 11123 13651 22808 61636 57725 44281 47630 25474 12806 220 1067 1931 5861527 375 956 2018 1876294 772 1592 2457 25876425 707 1395 2637 18711312 532 1794 1957 32737171 841 1531 2484 23456978 314 1246 2108 12531186 
50 4294967295 44817 33270 15915 26148 53805 13218 6030 14896 51641 3349 60422 38266 25643 47047 8288 10816 21425 44281 20042 41446 49106 638 1531 2507 23472351 463 1573 2151 24778206 200 1086 2545 7230325 355 1440 1888 19656080 774 1488 2066 21451259 159 911 2678 839658 50 1024 2087 4369494 
50 4294967295 50625 18750 7203 53736 55257 40806 29262 13444 5177 6253 12506 45526 34355 48499 37328 61636 24329 44281 53438 39994 11354 726 1466 1841 20438155 243 1595 1952 25408374 68 1064 2283 6175689 773 1794 2328 33079820 796 1531 2131 23138483 577 955 1935 1801366 402 1550 2572 24340302 
50 4294967295 7065 12942 56571 58092 4437 8862 59754 25060 26957 55621 28478 35362 44519 47047 18452 3556 50465 15241 22946 54514 49106 66 1396 2042 18161419 155 1573 2171 24791274 816 1091 2110 6846997 839 1686 2194 28894188 26 914 2437 618447 93 1240 2507 12883514 864 1703 2527 30006006 
50 4294967295 54981 43434 59475 4368 53805 42258 20550 58456 28409 41101 50258 46978 14027 12199 32972 52924 46109 6529 9878 3694 18614 792 959 2045 1905311 617 1483 1912 21308894 860 1572 1975 24628189 25 916 2461 638268 774 1662 2193 28079155 599 1746 2524 31627382 270 1045 2262 5346690 
50 4294967295 39009 2778 24627 11628 26217 16122 36522 57004 32765 48361 41546 61498 14027 52855 6836 23884 19973 7981 54890 29830 52010 550 1724 2551 30832539 1 1222 1866 11492406 332 1792 2065 32831989 135 981 2392 3021968 356 1661 2259 28129491 203 1593 2594 25982974 512 1312 1975 14857290 
50 4294967295 33201 53598 49311 52284 27669 8862 20550 41032 58901 12061 25574 32458 61943 36883 40232 13720 44657 16693 22946 60322 24422 462 1043 2372 5450127 771 1113 2439 7957270 706 1774 2150 32105989 751 1482 2655 21986540 378 1352 2133 16620455 93 1419 2701 19570942 270 1068 2110 6021386 
50 4294967295 4161 18750 15915 8724 55257 24834 32166 54100 61805 6253 28478 26650 14027 35431 43136 50020 38849 29761 44726 60322 15710 22 1264 2416 13616175 243 1618 2440 26658546 200 1311 2351 15187769 91 1397 2699 18757292 796 955 1975 1845871 335 1680 2194 28883102 446 1774 2001 31961366 
50 4294967295 40461 37626 34791 7272 55257 11766 19098 23608 44381 52717 57518 20842 27095 9295 6836 5008 15617 58801 11330 39994 31682 572 1751 2173 31309279 529 936 1999 1046234 486 1659 2634 28469697 69 1176 2243 10204044 796 1001 2435 3889803 137 1466 1866 20445046 248 1218 1934 11557378 
50 4294967295 40461 50694 18819 52284 61065 24834 20550 30868 47285 23677 15410 12130 16931 38335 18452 5008 22877 29761 34562 10954 36038 572 1311 2479 15315015 727 1328 2019 15715306 244 936 2042 1079653 751 1026 1996 4305536 884 1219 2309 11908715 335 1044 2109 5209210 270 1441 2286 20011406 
50 4294967295 17229 27462 53667 49380 37833 58230 23454 48292 45833 35293 16862 6322 11123 13651 22808 61636 57725 44281 47630 25474 12806 220 1067 1931 5861527 375 956 2018 1876294 772 1592 2457 25876425 707 1395 2637 18711312 532 1794 1957 32737171 841 1531 2484 23456978 314 1246 2108 12531186 
