36 4294967295 41811 17286 5817 18924 44322 32146 40055 40645 9386 34552 36317 5419 23312 10078 24866 816 937 2461 2986577 305 1671 1900 38108002 66 1544 2539 32472179 339 1494 2223 29871748 868 1034 2190 7394454 
36 4294967295 26451 21894 27321 16620 43554 22930 10103 6085 33194 7672 21725 42283 24080 10846 14114 496 1302 1999 20384337 401 1705 2206 39925858 514 1050 2157 8135027 291 984 1915 4822660 852 951 2396 3705238 
36 4294967295 17235 13446 8889 19692 35106 21394 32375 39877 8618 20728 33245 15403 6416 39262 40994 304 1145 1838 12496465 225 1256 1884 17958242 130 1655 2379 37753203 355 1642 2397 36996484 676 1270 2559 19331222 
36 4294967295 22611 31110 32697 36588 19746 29074 37751 4549 17834 19192 18653 32299 13328 7774 31010 416 919 2093 1881937 593 1430 2351 26890850 626 1497 1982 29665139 707 986 2491 5336196 356 1224 2076 16580502 
36 4294967295 37203 38790 31161 31980 35106 42898 22391 29893 4010 26872 40157 15403 29456 10846 44066 720 1145 1788 12460881 753 1718 2171 40677730 594 1050 2623 8544627 611 1447 2541 27834500 676 1384 2318 24540822 
36 4294967295 3411 15750 10425 5100 11298 43666 26231 36805 15530 6904 41693 38443 17168 21598 24866 16 1591 2223 34512977 273 968 2251 4343650 162 1274 2062 18886515 51 1734 2573 41792900 180 1625 2028 35895446 
36 4294967295 16467 28038 22713 12780 39714 9874 34679 21445 44714 22264 42461 13867 12560 43102 21026 288 1288 2143 19733329 529 1722 2636 41082466 418 1113 1966 11062131 211 1271 2589 19351940 772 1030 2427 7604118 
36 4294967295 14163 35718 7353 21996 29730 39826 34679 10693 15530 42232 23261 36907 39440 19294 28706 240 1654 2526 37881681 689 1047 2427 8377186 98 1593 2303 34584691 403 1704 2028 39771012 564 1226 2189 16682390 
36 4294967295 16467 29574 20409 36588 40482 2962 12407 34501 7850 30712 5597 26155 44048 33118 13346 288 1369 2622 24027729 561 1464 1821 27974498 370 1514 1868 30336883 707 886 1983 239236 788 1543 1963 31976854 
36 4294967295 39507 18054 5049 4332 20514 16018 27767 44485 29354 26104 17117 23083 3344 23902 4130 768 1368 1774 23289169 321 1158 2061 13468258 50 1305 2283 20630643 35 1751 2316 42341764 372 1322 1791 20973718 
36 4294967295 41811 17286 5817 18924 44322 32146 40055 40645 9386 34552 36317 5419 23312 10078 24866 816 937 2461 2986577 305 1671 1900 38108002 66 1544 2539 32472179 339 1494 2223 29871748 868 1034 2190 7394454 
36 4294967295 26451 21894 27321 16620 43554 22930 10103 6085 33194 7672 21725 42283 24080 10846 14114 496 1302 1999 20384337 401 1705 2206 39925858 514 1050 2157 8135027 291 984 1915 4822660 852 951 2396 3705238 
36 4294967295 17235 13446 8889 19692 35106 21394 32375 39877 8618 20728 33245 15403 6416 39262 40994 304 1145 1838 12496465 225 1256 1884 17958242 130 1655 2379 37753203 355 1642 2397 36996484 676 1270 2559 19331222 
36 4294967295 22611 31110 32697 36588 19746 29074 37751 4549 17834 19192 18653 32299 13328 7774 31010 416 919 2093 1881937 593 1430 2351 26890850 626 1497 1982 29665139 707 986 2491 5336196 356 1224 2076 16580502 
36 4294967295 37203 38790 31161 31980 35106 42898 22391 29893 4010 26872 40157 15403 29456 10846 44066 720 1145 1788 12460881 753 1718 2171 40677730 594 1050 2623 8544627 611 1447 2541 27834500 676 1384 2318 24540822 
36 4294967295 3411 15750 10425 5100 11298 43666 26231 36805 15530 6904 41693 38443 17168 21598 24866 16 1591 2223 34512977 273 968 2251 4343650 162 1274 2062 18886515 51 1734 2573 41792900 180 1625 2028 35895446 
36 4294967295 16467 28038 22713 12780 39714 9874 34679 21445 44714 22264 42461 13867 12560 43102 21026 288 1288 2143 19733329 529 1722 2636 41082466 418 1113 1966 11062131 211 1271 2589 19351940 772 1030 2427 7604118 
36 4294967295 14163 35718 7353 21996 29730 39826 34679 10693 15530 42232 23261 36907 39440 19294 28706 240 1654 2526 37881681 689 1047 2427 8377186 98 1593 2303 34584691 403 1704 2028 39771012 564 1226 2189 16682390 
36 4294967295 16467 29574 20409 36588 40482 2962 12407 34501 7850 30712 5597 26155 44048 33118 13346 288 1369 2622 24027729 561 1464 1821 27974498 370 1514 1868 30336883 707 886 1983 239236 788 1543 1963 31976854 
36 4294967295 39507 18054 5049 4332 20514 16018 27767 44485 29354 26104 17117 23083 3344 23902 4130 768 1368 1774 23289169 321 1158 2061 13468258 50 1305 2283 20630643 35 1751 2316 42341764 372 1322 1791 20973718 
