22 4294967295 273 2106 642 1912 1697 2845 1430 1078 2642 0 144 259 49771 61 116 218 22482 12 175 227 71494 
22 4294967295 273 1506 942 712 2297 1345 2030 2578 2942 0 166 238 64171 41 104 269 18682 22 125 247 32894 
22 4294967295 2373 2106 2742 712 497 1645 1430 1978 1142 70 135 187 36071 61 146 209 45882 82 104 218 14594 
22 4294967295 273 1806 1542 2212 797 2545 1430 1078 2942 0 116 197 20071 51 154 269 59282 42 165 218 62794 
22 4294967295 2373 306 2742 1012 1397 2245 830 1678 2042 70 114 239 24371 1 136 217 38082 82 155 198 53294 
22 4294967295 2373 906 1842 2212 1397 445 830 1678 2942 70 154 198 53171 21 136 269 42782 52 95 217 6194 
22 4294967295 2373 906 1842 712 1397 2845 2330 1678 542 70 104 217 14471 21 136 189 35582 52 175 248 73694 
22 4294967295 1473 306 2142 1912 1097 1345 2630 2878 842 40 125 199 28571 1 144 258 49782 62 176 207 70194 
22 4294967295 573 306 2742 1912 1397 2245 1130 1678 2642 10 155 208 53471 1 144 259 49782 82 136 217 38894 
22 4294967295 1773 306 942 1612 2297 1345 2930 2578 842 50 125 268 34971 1 134 247 40782 22 166 199 60794 
22 4294967295 273 2106 642 1912 1697 2845 1430 1078 2642 0 144 259 49771 61 116 218 22482 12 175 227 71494 
22 4294967295 273 1506 942 712 2297 1345 2030 2578 2942 0 166 238 64171 41 104 269 18682 22 125 247 32894 
22 4294967295 2373 2106 2742 712 497 1645 1430 1978 1142 70 135 187 36071 61 146 209 45882 82 104 218 14594 
22 4294967295 273 1806 1542 2212 797 2545 1430 1078 2942 0 116 197 20071 51 154 269 59282 42 165 218 62794 
22 4294967295 2373 306 2742 1012 1397 2245 830 1678 2042 70 114 239 24371 1 136 217 38082 82 155 198 53294 
22 4294967295 2373 906 1842 2212 1397 445 830 1678 2942 70 154 198 53171 21 136 269 42782 52 95 217 6194 
22 4294967295 2373 906 1842 712 1397 2845 2330 1678 542 70 104 217 14471 21 136 189 35582 52 175 248 73694 
22 4294967295 1473 306 2142 1912 1097 1345 2630 2878 842 40 125 199 28571 1 144 258 49782 62 176 207 70194 
22 4294967295 573 306 2742 1912 1397 2245 1130 1678 2642 10 155 208 53471 1 144 259 49782 82 136 217 38894 
22 4294967295 1773 306 942 1612 2297 1345 2930 2578 842 50 125 268 34971 1 134 247 40782 22 166 199 60794 
