43 4294967295 47940 16593 45894 32958 42765 40662 27799 11882 41938 3278 8425 47741 32311 13145 20458 34865 4273 15392 798 1261 2428 16052873 248 1132 1861 10904311 762 1509 2202 24543272 535 848 1799 850862 707 921 1821 3539610 670 1340 1648 18083960 
43 4294967295 6786 17676 20985 25377 14607 22251 27799 8633 13780 44432 37666 46658 9568 27224 11794 20786 10771 45716 76 962 2409 5343808 267 1015 2393 7334382 325 980 1955 5643478 402 1434 1742 21493925 213 941 2068 4399512 347 1261 2370 15997741 
43 4294967295 23031 4680 2574 16713 25437 42828 32131 27044 41938 45515 24670 6587 13900 48884 29122 39197 8605 7811 361 924 2065 3734831 39 1284 1728 16131591 2 1509 2278 24590924 250 1337 1706 18122546 403 1017 2448 7383538 708 1206 2389 14017656 
43 4294967295 37110 22008 12321 23211 7026 30915 11554 38957 47353 29270 41998 46658 9568 19643 35620 6707 28099 41384 608 1266 2317 15956125 343 1604 2409 28043508 173 941 2104 4429796 364 976 1708 5442421 80 1398 1935 20308060 499 1510 2274 24600371 
43 4294967295 23031 46917 31815 3717 36267 11421 42961 46538 22444 30353 26836 29330 13900 7730 17209 41363 44344 18641 361 1527 2407 25373893 780 1075 1918 8958521 515 1017 2316 7277003 22 1551 2123 25802099 593 1167 2105 12447646 157 1244 1726 14798860 
43 4294967295 20865 13344 4740 47037 37350 39579 14803 22712 7282 32519 19255 24998 12817 9896 6379 48944 25933 37052 323 901 2029 3035574 191 998 1764 6153190 40 1033 2161 7811283 782 1228 2449 14733117 612 885 2241 2544333 651 1111 1989 10353145 
43 4294967295 38193 44751 25317 35124 36267 3840 22384 14048 47353 28187 21421 31496 29062 8813 24790 41363 17269 48965 627 1149 1837 11563477 742 1076 1745 8818092 401 1283 2143 16479976 573 1166 2450 12726679 593 1604 2085 27784370 24 1208 2316 13942568 
43 4294967295 24114 15510 11238 5883 35184 43911 31048 15131 40855 39017 46330 19583 20398 38054 30205 33782 17269 32720 380 1303 2165 17162587 229 1131 2258 11229933 154 1076 1934 8962151 60 1490 2275 23924538 574 1318 2183 17849289 727 1586 1856 26933153 
43 4294967295 41442 19842 13404 36207 34101 19002 25633 17297 7282 29270 37666 45575 18232 3398 22624 46778 41095 47882 684 901 2431 3368416 305 1434 2104 21787017 192 1494 1650 23414786 592 1170 2411 12695994 555 1093 1894 9606215 290 1223 2390 14677203 
43 4294967295 18699 44751 7989 32958 43848 48243 5056 47621 22444 20606 11674 15251 38809 14228 6379 9956 27016 28388 285 862 2089 1746443 742 1454 1952 22338625 97 978 2426 6027221 535 1247 1858 14914700 726 1167 1840 12232851 803 885 1765 2159889 
43 4294967295 47940 16593 45894 32958 42765 40662 27799 11882 41938 3278 8425 47741 32311 13145 20458 34865 4273 15392 798 1261 2428 16052873 248 1132 1861 10904311 762 1509 2202 24543272 535 848 1799 850862 707 921 1821 3539610 670 1340 1648 18083960 
43 4294967295 6786 17676 20985 25377 14607 22251 27799 8633 13780 44432 37666 46658 9568 27224 11794 20786 10771 45716 76 962 2409 5343808 267 1015 2393 7334382 325 980 1955 5643478 402 1434 1742 21493925 213 941 2068 4399512 347 1261 2370 15997741 
43 4294967295 23031 4680 2574 16713 25437 42828 32131 27044 41938 45515 24670 6587 13900 48884 29122 39197 8605 7811 361 924 2065 3734831 39 1284 1728 16131591 2 1509 2278 24590924 250 1337 1706 18122546 403 1017 2448 7383538 708 1206 2389 14017656 
43 4294967295 37110 22008 12321 23211 7026 30915 11554 38957 47353 29270 41998 46658 9568 19643 35620 6707 28099 41384 608 1266 2317 15956125 343 1604 2409 28043508 173 941 2104 4429796 364 976 1708 5442421 80 1398 1935 20308060 499 1510 2274 24600371 
43 4294967295 23031 46917 31815 3717 36267 11421 42961 46538 22444 30353 26836 29330 13900 7730 17209 41363 44344 18641 361 1527 2407 25373893 780 1075 1918 8958521 515 1017 2316 7277003 22 1551 2123 25802099 593 1167 2105 12447646 157 1244 1726 14798860 
43 4294967295 20865 13344 4740 47037 37350 39579 14803 22712 7282 32519 19255 24998 12817 9896 6379 48944 25933 37052 323 901 2029 3035574 191 998 1764 6153190 40 1033 2161 7811283 782 1228 2449 14733117 612 885 2241 2544333 651 1111 1989 10353145 
43 4294967295 38193 44751 25317 35124 36267 3840 22384 14048 47353 28187 21421 31496 29062 8813 24790 41363 17269 48965 627 1149 1837 11563477 742 1076 1745 8818092 401 1283 2143 16479976 573 1166 2450 12726679 593 1604 2085 27784370 24 1208 2316 13942568 
43 4294967295 24114 15510 11238 5883 35184 43911 31048 15131 40855 39017 46330 19583 20398 38054 30205 33782 17269 32720 380 1303 2165 17162587 229 1131 2258 11229933 154 1076 1934 8962151 60 1490 2275 23924538 574 1318 2183 17849289 727 1586 1856 26933153 
43 4294967295 41442 19842 13404 36207 34101 19002 25633 17297 7282 29270 37666 45575 18232 3398 22624 46778 41095 47882 684 901 2431 3368416 305 1434 2104 21787017 192 1494 1650 23414786 592 1170 2411 12695994 555 1093 1894 9606215 290 1223 2390 14677203 
43 4294967295 18699 44751 7989 32958 43848 48243 5056 47621 22444 20606 11674 15251 38809 14228 6379 9956 27016 28388 285 862 2089 1746443 742 1454 1952 22338625 97 978 2426 6027221 535 1247 1858 14914700 726 1167 1840 12232851 803 885 1765 2159889 
