8 4294967295 1266 1486 530 72 222 275 386654 
8 4294967295 834 1774 1442 36 246 351 501086 
8 4294967295 1314 718 1634 76 158 367 120030 
8 4294967295 1122 1438 1106 60 218 323 375518 
8 4294967295 450 1630 1730 4 234 375 451854 
8 4294967295 450 574 1346 4 146 343 64302 
8 4294967295 738 526 1250 28 142 335 45918 
8 4294967295 594 1246 1298 16 202 339 307758 
8 4294967295 738 430 1730 28 134 375 16350 
8 4294967295 1650 814 1346 104 166 343 151822 
8 4294967295 1266 1486 530 72 222 275 386654 
8 4294967295 834 1774 1442 36 246 351 501086 
8 4294967295 1314 718 1634 76 158 367 120030 
8 4294967295 1122 1438 1106 60 218 323 375518 
8 4294967295 450 1630 1730 4 234 375 451854 
8 4294967295 450 574 1346 4 146 343 64302 
8 4294967295 738 526 1250 28 142 335 45918 
8 4294967295 594 1246 1298 16 202 339 307758 
8 4294967295 738 430 1730 28 134 375 16350 
8 4294967295 1650 814 1346 104 166 343 151822 
