29 4294967295 16968 4842 9447 8478 6034 16322 12667 4196 7132 11336 3625 14900 403 476 907 741976 92 566 1090 2025038 210 538 1218 1734541 185 708 1182 3967722 
29 4294967295 6828 3321 6405 11013 8569 11759 3034 15857 2062 5759 12244 14393 143 461 947 581764 53 697 1169 3787539 132 436 1101 300407 250 603 1206 2594935 
29 4294967295 1758 16503 7419 2394 14146 8717 12160 4703 7132 14885 13258 12872 13 695 1181 3792426 391 566 1023 2001885 158 723 1130 4118793 29 746 920 4376702 
29 4294967295 1758 13968 12996 2901 15160 6689 12667 4196 4597 15899 6160 10844 13 541 907 1602186 326 708 971 3883024 301 501 1207 1211148 42 772 1078 4787879 
29 4294967295 1251 3321 10968 6450 16681 11759 2527 9773 15751 6266 7681 5774 0 811 1050 5295681 53 580 948 2138099 249 448 1101 474984 133 787 960 4913446 
29 4294967295 16968 1293 5391 6450 13132 4154 9625 12815 3583 4745 2104 14393 403 437 1169 330968 1 475 1128 828687 106 630 906 2814789 133 720 921 4031942 
29 4294967295 14940 11433 11982 6450 17188 7703 13681 16871 9667 15899 3625 8309 351 476 997 779156 261 631 1013 2860067 275 824 1232 5548026 133 734 1207 4323974 
29 4294967295 1758 5856 11982 13041 4006 5168 11146 14843 6625 15899 8188 9323 13 669 1180 3446314 118 486 1039 965408 275 593 1207 2422202 302 553 932 1789819 
29 4294967295 8856 10419 8433 1887 14653 4661 13174 11801 12709 6266 10216 14393 195 645 960 3010632 235 759 919 4552433 184 709 1169 3962299 16 721 1102 4106133 
29 4294967295 5307 2814 9954 14562 8569 16322 8104 15350 7639 2717 13765 7295 104 591 869 2279369 40 579 1218 2251498 223 736 987 4233206 341 603 1193 2590710 
29 4294967295 16968 4842 9447 8478 6034 16322 12667 4196 7132 11336 3625 14900 403 476 907 741976 92 566 1090 2025038 210 538 1218 1734541 185 708 1182 3967722 
29 4294967295 6828 3321 6405 11013 8569 11759 3034 15857 2062 5759 12244 14393 143 461 947 581764 53 697 1169 3787539 132 436 1101 300407 250 603 1206 2594935 
29 4294967295 1758 16503 7419 2394 14146 8717 12160 4703 7132 14885 13258 12872 13 695 1181 3792426 391 566 1023 2001885 158 723 1130 4118793 29 746 920 4376702 
29 4294967295 1758 13968 12996 2901 15160 6689 12667 4196 4597 15899 6160 10844 13 541 907 1602186 326 708 971 3883024 301 501 1207 1211148 42 772 1078 4787879 
29 4294967295 1251 3321 10968 6450 16681 11759 2527 9773 15751 6266 7681 5774 0 811 1050 5295681 53 580 948 2138099 249 448 1101 474984 133 787 960 4913446 
29 4294967295 16968 1293 5391 6450 13132 4154 9625 12815 3583 4745 2104 14393 403 437 1169 330968 1 475 1128 828687 106 630 906 2814789 133 720 921 4031942 
29 4294967295 14940 11433 11982 6450 17188 7703 13681 16871 9667 15899 3625 8309 351 476 997 779156 261 631 1013 2860067 275 824 1232 5548026 133 734 1207 4323974 
29 4294967295 1758 5856 11982 13041 4006 5168 11146 14843 6625 15899 8188 9323 13 669 1180 3446314 118 486 1039 965408 275 593 1207 2422202 302 553 932 1789819 
29 4294967295 8856 10419 8433 1887 14653 4661 13174 11801 12709 6266 10216 14393 195 645 960 3010632 235 759 919 4552433 184 709 1169 3962299 16 721 1102 4106133 
29 4294967295 5307 2814 9954 14562 8569 16322 8104 15350 7639 2717 13765 7295 104 591 869 2279369 40 579 1218 2251498 223 736 987 4233206 341 603 1193 2590710 
