64 4294967295 31083 45282 43017 36048 127863 139710 85701 17580 95286 74314 93863 102625 115118 149752 89333 27535 23564 53494 110675 30061 131930 67780 77921 70219 99176 91474 127430 308 2895 4727 125859945 477 2509 4927 84013190 450 2480 4527 80318227 367 2558 4780 89794464 1460 2001 3690 27655437 1601 2310 4337 61928026 958 2762 4980 111247143 147 2031 4590 32187828 1072 3456 4473 185717794 
64 4294967295 101643 106434 26553 52512 125511 87966 139797 97548 38838 81370 147959 46177 13982 48616 42293 131023 25916 138166 21299 37117 87242 114820 110849 16123 73304 67954 23942 1148 3233 5171 162825545 1205 3318 3695 169292006 254 3040 3576 138933987 563 2115 3718 39733712 1432 2642 4729 98768157 985 2252 3913 55154266 1602 2482 4282 79913015 1099 2223 4448 53067316 400 1865 3663 12508674 
64 4294967295 21675 111138 33609 139536 38487 87966 92757 123420 107046 41386 96215 57937 32798 6280 129317 83983 98828 105238 148307 119437 138986 63076 21473 16123 66248 13858 87446 196 1748 4555 2003625 1261 2166 4451 47044454 338 2673 5064 102334515 1599 1838 4198 10452096 396 2424 4949 75018445 985 2363 5175 69396410 1042 2926 3665 127047095 1407 3095 3800 145382532 1212 1865 4586 14135474 
64 4294967295 115755 92322 57129 33696 125511 109134 69237 146940 12966 24922 91511 81457 89246 128584 115205 133375 77660 67606 98915 138253 19034 37204 75569 20827 125048 32674 141542 1316 2062 4472 35039817 1037 2478 4334 79994406 618 3319 3636 169178355 339 2116 4587 41234288 1432 1970 4898 26731101 1237 3204 4781 159133834 762 3261 4309 164321591 1687 2643 5095 99407204 92 1921 4499 19985682 
64 4294967295 113403 5298 120633 104256 26727 24462 144501 41100 142326 97834 79751 39121 108062 116824 148133 53407 16508 84070 136547 124141 63722 93652 37937 51403 92120 129106 33350 1288 3151 3861 151503801 1 2139 4506 44092694 1374 3210 5035 159575139 1179 2838 5173 120634672 256 3064 3606 141996349 229 2788 4696 113754346 1658 2285 4168 58624279 427 2674 3807 100149652 1632 2309 4359 61977506 
64 4294967295 7563 115842 24201 61920 132567 130302 17493 78732 15318 137818 44471 36769 32798 41560 150485 121615 103532 142870 113027 58285 40202 110116 82625 86683 14504 46786 129782 28 3314 4755 171106153 1317 2168 4642 47386278 226 3121 3582 147974291 675 2984 4955 135300176 1516 2230 3800 51961005 1489 3374 4393 176542554 146 2111 5201 42298263 875 2705 3939 103418932 120 2367 3888 67136226 
64 4294967295 64011 87618 52425 141888 40839 57390 66885 149292 24726 114298 6839 10897 131582 43912 61109 133375 51788 81718 47171 140605 99002 135988 14417 110203 73304 124402 75686 700 3347 4976 174527529 981 3292 4588 167827494 562 2646 3581 96750867 1627 3154 3491 150881392 424 2985 4137 133883517 621 2196 4282 49748586 734 1803 4311 7608615 1715 3261 3971 163764980 232 3034 4026 139711106 
64 4294967295 26379 87618 125337 61920 10263 43278 31605 99900 137622 6106 16247 48529 112766 142696 122261 114559 103532 39382 47171 30061 42554 133636 120257 60811 92120 124402 99206 252 3154 4841 153176073 981 3264 3971 163744422 1430 2142 3916 43111939 675 2031 3603 30501328 60 2251 4506 56149133 453 1746 4752 2351082 314 2397 4642 71467767 1127 3037 4591 140708324 1576 3372 4865 177371330 
64 4294967295 134571 49986 38313 87792 19671 43278 92757 62268 102342 34330 107975 22657 110414 10984 54053 58111 115292 60550 16595 32413 120170 13684 124961 138427 30968 27970 148598 1540 3321 3778 169447209 533 2082 4897 38760710 394 2365 4782 68699347 983 2006 3607 27496256 172 2059 4724 35445261 453 1836 4053 10176970 1042 1943 4840 23609271 679 2394 4695 71575204 1156 1804 5179 9127282 
64 4294967295 28731 115842 113577 47808 5559 55038 78645 102252 118806 67258 98567 95569 110414 39208 65813 69871 42380 8806 141251 15949 23738 77188 122609 51403 89768 44434 61574 280 2202 3692 48718265 1317 2285 3914 58177254 1290 1778 4724 5339603 507 1863 4143 13338000 4 2592 4869 92943821 593 2505 4478 83238714 874 2474 4583 80427319 1155 2811 4193 115919028 1352 2140 5091 45151298 
64 4294967295 31083 45282 43017 36048 127863 139710 85701 17580 95286 74314 93863 102625 115118 149752 89333 27535 23564 53494 110675 30061 131930 67780 77921 70219 99176 91474 127430 308 2895 4727 125859945 477 2509 4927 84013190 450 2480 4527 80318227 367 2558 4780 89794464 1460 2001 3690 27655437 1601 2310 4337 61928026 958 2762 4980 111247143 147 2031 4590 32187828 1072 3456 4473 185717794 
64 4294967295 101643 106434 26553 52512 125511 87966 139797 97548 38838 81370 147959 46177 13982 48616 42293 131023 25916 138166 21299 37117 87242 114820 110849 16123 73304 67954 23942 1148 3233 5171 162825545 1205 3318 3695 169292006 254 3040 3576 138933987 563 2115 3718 39733712 1432 2642 4729 98768157 985 2252 3913 55154266 1602 2482 4282 79913015 1099 2223 4448 53067316 400 1865 3663 12508674 
64 4294967295 21675 111138 33609 139536 38487 87966 92757 123420 107046 41386 96215 57937 32798 6280 129317 83983 98828 105238 148307 119437 138986 63076 21473 16123 66248 13858 87446 196 1748 4555 2003625 1261 2166 4451 47044454 338 2673 5064 102334515 1599 1838 4198 10452096 396 2424 4949 75018445 985 2363 5175 69396410 1042 2926 3665 127047095 1407 3095 3800 145382532 1212 1865 4586 14135474 
64 4294967295 115755 92322 57129 33696 125511 109134 69237 146940 12966 24922 91511 81457 89246 128584 115205 133375 77660 67606 98915 138253 19034 37204 75569 20827 125048 32674 141542 1316 2062 4472 35039817 1037 2478 4334 79994406 618 3319 3636 169178355 339 2116 4587 41234288 1432 1970 4898 26731101 1237 3204 4781 159133834 762 3261 4309 164321591 1687 2643 5095 99407204 92 1921 4499 19985682 
64 4294967295 113403 5298 120633 104256 26727 24462 144501 41100 142326 97834 79751 39121 108062 116824 148133 53407 16508 84070 136547 124141 63722 93652 37937 51403 92120 129106 33350 1288 3151 3861 151503801 1 2139 4506 44092694 1374 3210 5035 159575139 1179 2838 5173 120634672 256 3064 3606 141996349 229 2788 4696 113754346 1658 2285 4168 58624279 427 2674 3807 100149652 1632 2309 4359 61977506 
64 4294967295 7563 115842 24201 61920 132567 130302 17493 78732 15318 137818 44471 36769 32798 41560 150485 121615 103532 142870 113027 58285 40202 110116 82625 86683 14504 46786 129782 28 3314 4755 171106153 1317 2168 4642 47386278 226 3121 3582 147974291 675 2984 4955 135300176 1516 2230 3800 51961005 1489 3374 4393 176542554 146 2111 5201 42298263 875 2705 3939 103418932 120 2367 3888 67136226 
64 4294967295 64011 87618 52425 141888 40839 57390 66885 149292 24726 114298 6839 10897 131582 43912 61109 133375 51788 81718 47171 140605 99002 135988 14417 110203 73304 124402 75686 700 3347 4976 174527529 981 3292 4588 167827494 562 2646 3581 96750867 1627 3154 3491 150881392 424 2985 4137 133883517 621 2196 4282 49748586 734 1803 4311 7608615 1715 3261 3971 163764980 232 3034 4026 139711106 
64 4294967295 26379 87618 125337 61920 10263 43278 31605 99900 137622 6106 16247 48529 112766 142696 122261 114559 103532 39382 47171 30061 42554 133636 120257 60811 92120 124402 99206 252 3154 4841 153176073 981 3264 3971 163744422 1430 2142 3916 43111939 675 2031 3603 30501328 60 2251 4506 56149133 453 1746 4752 2351082 314 2397 4642 71467767 1127 3037 4591 140708324 1576 3372 4865 177371330 
64 4294967295 134571 49986 38313 87792 19671 43278 92757 62268 102342 34330 107975 22657 110414 10984 54053 58111 115292 60550 16595 32413 120170 13684 124961 138427 30968 27970 148598 1540 3321 3778 169447209 533 2082 4897 38760710 394 2365 4782 68699347 983 2006 3607 27496256 172 2059 4724 35445261 453 1836 4053 10176970 1042 1943 4840 23609271 679 2394 4695 71575204 1156 1804 5179 9127282 
64 4294967295 28731 115842 113577 47808 5559 55038 78645 102252 118806 67258 98567 95569 110414 39208 65813 69871 42380 8806 141251 15949 23738 77188 122609 51403 89768 44434 61574 280 2202 3692 48718265 1317 2285 3914 58177254 1290 1778 4724 5339603 507 1863 4143 13338000 4 2592 4869 92943821 593 2505 4478 83238714 874 2474 4583 80427319 1155 2811 4193 115919028 1352 2140 5091 45151298 
