29 4294967295 17436 8859 2310 26691 18670 17297 11614 20888 8107 12818 29950 5735 390 891 1572 6133882 170 1162 1753 17796586 2 981 1960 10261397 627 1451 1868 29969009 
29 4294967295 12873 16464 4338 8946 27289 18818 20233 29507 27880 22451 3079 20945 273 1202 1907 19560763 365 1398 2000 27865606 54 762 1962 927696 172 1383 2181 27448881 
29 4294967295 30111 17478 2817 25170 14107 27944 14656 19367 7093 20930 10684 10298 715 957 2141 9307364 391 865 1921 5295825 15 1045 1961 13006971 588 1059 1689 13361210 
29 4294967295 2226 4803 24618 20100 7516 28451 7051 18860 30415 26000 13726 18410 0 876 1897 5820556 66 1035 1908 12420020 574 864 2154 5471599 458 1463 2091 30679654 
29 4294967295 13380 23055 16506 5904 25768 26930 19219 9227 28894 25493 27415 4214 286 1424 2078 29020538 534 1344 1533 25324691 366 1176 2115 18617940 94 1386 1661 27062547 
29 4294967295 25548 7338 29688 30240 2446 28451 6037 25451 23317 5720 11191 12833 598 746 2154 530180 131 838 2077 4309879 704 970 1571 9432452 718 1281 1754 22745442 
29 4294967295 11859 7338 21069 5904 18670 22874 12628 31028 29908 13325 9163 3707 247 918 1520 7191653 131 1007 1766 11216740 483 1450 2220 30227226 94 1162 2011 17988261 
29 4294967295 4254 23055 17520 26691 30838 9692 29866 13283 2530 18395 21838 22973 52 1474 1896 31078958 534 748 1765 240359 392 1449 2014 30071915 627 1243 1673 21039218 
29 4294967295 8817 10887 6873 7425 24247 8678 26824 25958 21289 10790 6628 10298 169 853 1689 4570463 222 1371 1647 26505494 119 1229 2090 20791787 133 1305 1701 23797467 
29 4294967295 3240 14943 10422 29226 24247 3101 27331 14804 4051 14339 26401 6242 26 1305 1504 23651577 326 787 1804 1913797 210 1384 1585 27006255 692 1360 1792 26068489 
29 4294967295 17436 8859 2310 26691 18670 17297 11614 20888 8107 12818 29950 5735 390 891 1572 6133882 170 1162 1753 17796586 2 981 1960 10261397 627 1451 1868 29969009 
29 4294967295 12873 16464 4338 8946 27289 18818 20233 29507 27880 22451 3079 20945 273 1202 1907 19560763 365 1398 2000 27865606 54 762 1962 927696 172 1383 2181 27448881 
29 4294967295 30111 17478 2817 25170 14107 27944 14656 19367 7093 20930 10684 10298 715 957 2141 9307364 391 865 1921 5295825 15 1045 1961 13006971 588 1059 1689 13361210 
29 4294967295 2226 4803 24618 20100 7516 28451 7051 18860 30415 26000 13726 18410 0 876 1897 5820556 66 1035 1908 12420020 574 864 2154 5471599 458 1463 2091 30679654 
29 4294967295 13380 23055 16506 5904 25768 26930 19219 9227 28894 25493 27415 4214 286 1424 2078 29020538 534 1344 1533 25324691 366 1176 2115 18617940 94 1386 1661 27062547 
29 4294967295 25548 7338 29688 30240 2446 28451 6037 25451 23317 5720 11191 12833 598 746 2154 530180 131 838 2077 4309879 704 970 1571 9432452 718 1281 1754 22745442 
29 4294967295 11859 7338 21069 5904 18670 22874 12628 31028 29908 13325 9163 3707 247 918 1520 7191653 131 1007 1766 11216740 483 1450 2220 30227226 94 1162 2011 17988261 
29 4294967295 4254 23055 17520 26691 30838 9692 29866 13283 2530 18395 21838 22973 52 1474 1896 31078958 534 748 1765 240359 392 1449 2014 30071915 627 1243 1673 21039218 
29 4294967295 8817 10887 6873 7425 24247 8678 26824 25958 21289 10790 6628 10298 169 853 1689 4570463 222 1371 1647 26505494 119 1229 2090 20791787 133 1305 1701 23797467 
29 4294967295 3240 14943 10422 29226 24247 3101 27331 14804 4051 14339 26401 6242 26 1305 1504 23651577 326 787 1804 1913797 210 1384 1585 27006255 692 1360 1792 26068489 
