22 4294967295 7323 3156 1992 1162 2447 6595 2780 5128 6992 210 476 879 1580721 71 344 727 25532 32 525 738 2109344 
22 4294967295 6723 7056 10392 7762 3347 5095 9680 5728 6092 190 564 757 2580121 201 475 968 1611232 312 496 849 1802744 
22 4294967295 1923 9156 8292 8962 7547 4795 3080 11128 6992 30 604 748 3037521 271 676 879 3893332 242 465 897 1472244 
22 4294967295 9123 4656 1692 3862 9947 2395 10580 4528 8492 270 385 929 557921 121 434 998 1158232 22 456 977 1381644 
22 4294967295 1023 10656 4692 4462 6947 4195 10280 3628 2492 0 426 988 1038021 321 445 877 1235032 122 454 729 1297644 
22 4294967295 4923 2256 9792 3262 1847 8995 3080 3928 4892 130 605 707 3024921 41 436 809 1092832 292 414 748 843744 
22 4294967295 1923 7356 4992 7762 4847 6595 9680 8428 1892 30 525 807 2133121 211 564 709 2563332 132 586 968 2882144 
22 4294967295 4323 10356 3792 8962 9947 6895 4280 7828 2492 110 535 729 2222321 311 566 977 2656132 92 604 788 3051744 
22 4294967295 4323 5256 4092 3262 3047 1495 2780 9628 4892 110 626 738 3266121 141 414 809 862632 102 355 747 148244 
22 4294967295 10023 1656 8892 3262 2147 9295 11180 4528 1292 300 414 1018 935621 21 456 717 1293232 262 615 689 3135044 
22 4294967295 7323 3156 1992 1162 2447 6595 2780 5128 6992 210 476 879 1580721 71 344 727 25532 32 525 738 2109344 
22 4294967295 6723 7056 10392 7762 3347 5095 9680 5728 6092 190 564 757 2580121 201 475 968 1611232 312 496 849 1802744 
22 4294967295 1923 9156 8292 8962 7547 4795 3080 11128 6992 30 604 748 3037521 271 676 879 3893332 242 465 897 1472244 
22 4294967295 9123 4656 1692 3862 9947 2395 10580 4528 8492 270 385 929 557921 121 434 998 1158232 22 456 977 1381644 
22 4294967295 1023 10656 4692 4462 6947 4195 10280 3628 2492 0 426 988 1038021 321 445 877 1235032 122 454 729 1297644 
22 4294967295 4923 2256 9792 3262 1847 8995 3080 3928 4892 130 605 707 3024921 41 436 809 1092832 292 414 748 843744 
22 4294967295 1923 7356 4992 7762 4847 6595 9680 8428 1892 30 525 807 2133121 211 564 709 2563332 132 586 968 2882144 
22 4294967295 4323 10356 3792 8962 9947 6895 4280 7828 2492 110 535 729 2222321 311 566 977 2656132 92 604 788 3051744 
22 4294967295 4323 5256 4092 3262 3047 1495 2780 9628 4892 110 626 738 3266121 141 414 809 862632 102 355 747 148244 
22 4294967295 10023 1656 8892 3262 2147 9295 11180 4528 1292 300 414 1018 935621 21 456 717 1293232 262 615 689 3135044 
