57 4294967295 16428 57756 44709 59787 27990 5568 31896 61977 79027 21482 9730 42185 15433 47888 53011 25466 83089 49919 81292 19997 43870 70700 38323 55727 175 1261 2821 8010176 726 1640 2899 26256452 552 1762 2422 31779603 753 2109 2794 49137129 329 2139 2442 49951530 30 1185 2718 4266556 381 1566 2495 22177832 782 2163 3098 51887859 
57 4294967295 61428 82131 31584 80412 56115 33693 39396 20727 30277 36482 64105 77810 60433 70388 68011 85466 51214 14294 15667 55622 38245 53825 58948 5102 775 1459 2897 17787676 1051 1910 2224 38832077 377 1738 3094 31307728 1028 1841 3193 36274004 704 1565 2346 22020905 405 1861 2642 36863431 481 1962 3295 42420332 232 1264 2873 8066609 
57 4294967295 80178 50256 84084 54162 22365 43068 37521 60102 47152 75857 56605 64685 19183 12263 26761 6716 4339 16169 66292 59372 32620 29450 45823 8852 1025 1412 2274 14686426 626 1666 2947 27518952 1077 1311 3018 10672728 678 1490 2548 18610254 254 1810 2371 34137155 530 1939 2319 40139056 456 1684 3167 28972207 757 1113 2245 132234 
57 4294967295 72678 61506 22209 24162 35490 46818 31896 69477 9652 15857 5980 81560 84808 38513 21136 29216 66214 72419 17542 64997 43870 59450 83323 61352 925 2186 2367 52303926 776 1184 2974 4560202 252 1135 3121 2292103 278 1289 2669 9057754 429 1337 2948 11784030 580 1938 3243 41157806 381 1640 3022 26385332 882 2166 2545 51285359 
57 4294967295 25803 57756 84084 80412 54240 11193 9396 7602 77152 51482 67855 66560 32308 34763 45511 49841 6214 53669 36292 83747 40120 21950 73948 48227 300 1539 3272 21818301 726 1960 2842 41931452 1077 1590 2448 23350228 1028 1138 2619 1761504 679 2084 3043 48200280 105 1486 2871 18953431 81 2041 2820 45517832 57 1662 2799 27339734 
57 4294967295 46428 27756 54084 69162 26115 50568 71271 11352 9652 60857 7855 42185 81058 66638 84886 40466 34339 49919 68167 59372 75745 44450 38323 16352 575 2136 3044 50617676 326 1513 2374 19618952 677 2187 2718 52682728 878 2065 2821 46747754 304 1160 2748 3090905 630 1184 2967 4556556 906 1566 2695 22410957 107 1964 2947 42025984 
57 4294967295 16428 20256 67209 12912 29865 78693 52521 5727 64027 58982 69730 8435 51058 32888 19261 47966 23089 74294 71917 10622 36370 83825 85198 27602 175 1363 3273 13345176 226 1540 2942 21458952 852 1736 3146 31374603 128 2191 2594 52531504 354 1312 2268 9829655 1005 1909 2297 38913431 656 1985 2524 42782207 32 2014 2795 44279109 
57 4294967295 72678 5256 52209 63537 78615 56193 18771 80727 69652 38357 26605 60935 58558 40388 51136 42341 66214 49919 75667 10622 25120 78200 62698 14477 925 1737 2297 30441426 26 1891 2694 38118952 652 1836 3198 36264603 803 1390 2349 13553379 1004 1984 2720 43010905 705 1938 2821 40693431 206 1410 2968 15435957 1032 2064 2667 46586609 
57 4294967295 16428 55881 42834 76662 14865 52443 22521 50727 39652 70232 67855 64685 30433 8513 24886 29216 62464 48044 38167 79997 66370 14450 32698 27602 175 1461 3092 17992676 701 1491 3018 19133327 527 1940 2796 40661478 978 1564 3222 22990254 154 1888 2269 37654655 655 1584 2524 23422181 256 1387 2348 13539707 632 1960 2545 41599109 
57 4294967295 10803 20256 35334 33537 71115 61818 73146 24477 54652 58982 41605 53435 84808 10388 77386 46091 38089 4919 30667 66872 60745 8825 57073 65102 100 1865 2868 37103301 226 1816 3024 34851452 427 2087 3047 48193978 403 2186 2294 52208379 904 1464 2942 17845905 780 1784 2221 32775306 931 1610 2273 24364082 282 1563 2770 22477859 
57 4294967295 16428 57756 44709 59787 27990 5568 31896 61977 79027 21482 9730 42185 15433 47888 53011 25466 83089 49919 81292 19997 43870 70700 38323 55727 175 1261 2821 8010176 726 1640 2899 26256452 552 1762 2422 31779603 753 2109 2794 49137129 329 2139 2442 49951530 30 1185 2718 4266556 381 1566 2495 22177832 782 2163 3098 51887859 
57 4294967295 61428 82131 31584 80412 56115 33693 39396 20727 30277 36482 64105 77810 60433 70388 68011 85466 51214 14294 15667 55622 38245 53825 58948 5102 775 1459 2897 17787676 1051 1910 2224 38832077 377 1738 3094 31307728 1028 1841 3193 36274004 704 1565 2346 22020905 405 1861 2642 36863431 481 1962 3295 42420332 232 1264 2873 8066609 
57 4294967295 80178 50256 84084 54162 22365 43068 37521 60102 47152 75857 56605 64685 19183 12263 26761 6716 4339 16169 66292 59372 32620 29450 45823 8852 1025 1412 2274 14686426 626 1666 2947 27518952 1077 1311 3018 10672728 678 1490 2548 18610254 254 1810 2371 34137155 530 1939 2319 40139056 456 1684 3167 28972207 757 1113 2245 132234 
57 4294967295 72678 61506 22209 24162 35490 46818 31896 69477 9652 15857 5980 81560 84808 38513 21136 29216 66214 72419 17542 64997 43870 59450 83323 61352 925 2186 2367 52303926 776 1184 2974 4560202 252 1135 3121 2292103 278 1289 2669 9057754 429 1337 2948 11784030 580 1938 3243 41157806 381 1640 3022 26385332 882 2166 2545 51285359 
57 4294967295 25803 57756 84084 80412 54240 11193 9396 7602 77152 51482 67855 66560 32308 34763 45511 49841 6214 53669 36292 83747 40120 21950 73948 48227 300 1539 3272 21818301 726 1960 2842 41931452 1077 1590 2448 23350228 1028 1138 2619 1761504 679 2084 3043 48200280 105 1486 2871 18953431 81 2041 2820 45517832 57 1662 2799 27339734 
57 4294967295 46428 27756 54084 69162 26115 50568 71271 11352 9652 60857 7855 42185 81058 66638 84886 40466 34339 49919 68167 59372 75745 44450 38323 16352 575 2136 3044 50617676 326 1513 2374 19618952 677 2187 2718 52682728 878 2065 2821 46747754 304 1160 2748 3090905 630 1184 2967 4556556 906 1566 2695 22410957 107 1964 2947 42025984 
57 4294967295 16428 20256 67209 12912 29865 78693 52521 5727 64027 58982 69730 8435 51058 32888 19261 47966 23089 74294 71917 10622 36370 83825 85198 27602 175 1363 3273 13345176 226 1540 2942 21458952 852 1736 3146 31374603 128 2191 2594 52531504 354 1312 2268 9829655 1005 1909 2297 38913431 656 1985 2524 42782207 32 2014 2795 44279109 
57 4294967295 72678 5256 52209 63537 78615 56193 18771 80727 69652 38357 26605 60935 58558 40388 51136 42341 66214 49919 75667 10622 25120 78200 62698 14477 925 1737 2297 30441426 26 1891 2694 38118952 652 1836 3198 36264603 803 1390 2349 13553379 1004 1984 2720 43010905 705 1938 2821 40693431 206 1410 2968 15435957 1032 2064 2667 46586609 
57 4294967295 16428 55881 42834 76662 14865 52443 22521 50727 39652 70232 67855 64685 30433 8513 24886 29216 62464 48044 38167 79997 66370 14450 32698 27602 175 1461 3092 17992676 701 1491 3018 19133327 527 1940 2796 40661478 978 1564 3222 22990254 154 1888 2269 37654655 655 1584 2524 23422181 256 1387 2348 13539707 632 1960 2545 41599109 
57 4294967295 10803 20256 35334 33537 71115 61818 73146 24477 54652 58982 41605 53435 84808 10388 77386 46091 38089 4919 30667 66872 60745 8825 57073 65102 100 1865 2868 37103301 226 1816 3024 34851452 427 2087 3047 48193978 403 2186 2294 52208379 904 1464 2942 17845905 780 1784 2221 32775306 931 1610 2273 24364082 282 1563 2770 22477859 
