64 4294967295 17391 24534 92829 36468 29499 60162 41433 67392 8682 48862 117803 103045 132002 51388 139145 98515 96896 72730 78167 39889 158222 148168 146549 65935 123116 80134 127850 140 3035 5256 147245533 225 2674 5429 101811194 1038 2593 5150 90750551 367 2762 5341 112215716 284 2283 4615 51018273 649 2420 4838 69045598 426 2981 5568 140792603 735 2390 5207 66211496 36 3572 5087 213795606 
64 4294967295 31503 52758 78717 111732 69483 116610 29673 48576 147450 18286 146027 91285 160226 114892 9785 84403 75728 136234 134615 105745 40622 61144 90101 72991 78428 51910 158426 308 3176 5592 165477453 561 3430 4586 195267914 870 3067 3801 148053895 1263 2426 4618 68642564 760 2895 5571 130243825 1321 2677 4757 100581214 286 2813 5287 119147147 511 2536 5423 84222328 1688 2026 4168 18542758 
64 4294967295 97359 66870 153981 149364 24795 81330 43785 83856 34554 60622 33131 8965 40274 129004 157961 91459 94544 145642 21719 28129 108830 30568 66581 58879 101948 7222 137258 1092 1894 4810 2137325 729 2172 4477 36690586 1766 2897 5319 129799239 1711 1915 4164 4465892 228 2530 4980 83373953 901 2509 5565 80976510 454 3344 3943 183498651 931 3542 4079 208410280 344 2143 4898 33948358 
64 4294967295 57375 33942 97533 128196 151803 107202 17913 105024 13386 161758 94283 157141 101426 23164 73289 74995 7520 60970 80519 117505 82958 56440 31301 112975 26684 89542 160778 616 2534 4557 82596893 337 2874 4057 123876090 1094 3734 3774 232472663 1459 2701 4672 103946868 1740 2480 4892 76219953 1209 3207 4807 167551278 146 3679 4002 225827595 1183 3153 5599 161982584 92 2084 4643 26429798 
64 4294967295 59727 158598 71661 8244 107115 121314 119049 62688 27498 65326 141323 56005 7346 124300 70937 112627 19280 117418 26423 58705 106478 101128 80693 129439 163100 150694 111386 644 3349 3999 183609021 1821 2475 4952 76327274 786 3602 5367 217861255 31 3206 5626 169041604 1208 3288 3772 176165841 1377 3149 5011 160884926 1350 2507 4529 79045547 679 3012 3914 141219912 260 2586 4645 89783270 
64 4294967295 149103 15126 142221 22356 107115 147186 29673 10944 53370 126478 14315 88933 139058 136060 52121 98515 61616 18634 118151 86929 94718 129352 92453 56527 125468 28390 132554 1708 3348 5178 185844989 113 2146 5091 34309578 1626 3314 3855 179854503 199 2981 5263 140208436 1208 2481 4305 75101969 1685 3428 4812 195719614 286 2030 5340 20709675 63 2867 4785 125234152 568 2843 4418 121046054 
64 4294967295 31503 55110 151629 135252 161211 83682 74361 27408 65130 62974 87227 150085 26162 37276 134441 143203 132176 42154 139319 91633 118238 77608 111269 16543 99596 155398 40826 308 3658 5343 224834093 589 3595 5285 217698154 1738 2310 4171 53737911 1543 2899 3996 127324180 1852 2558 5009 86991329 929 2252 5092 48409934 818 2005 5258 17047611 259 3513 4723 206080232 708 2732 4870 107812918 
64 4294967295 160863 76278 26973 12948 137691 60162 142569 32112 39258 152350 106043 147733 92018 72556 66233 89107 23984 126826 54647 129265 125294 155224 59525 145903 71372 11926 160778 1848 3567 5176 214003917 841 3622 4393 219543690 254 2869 4335 124399047 87 2672 3970 99075876 1572 3318 4473 181008609 649 1950 4947 9426318 1630 3347 4780 185107419 315 3545 4534 209233480 400 3656 5599 225309430 
64 4294967295 151455 113910 62253 95268 41259 111906 140217 6240 138042 128830 146027 100693 54386 9052 157961 13843 38096 108010 19367 82225 134702 25864 163013 131791 92540 98950 73754 1736 3377 4138 187421613 1289 3007 5565 144336138 674 3094 5288 154351767 1067 2787 3915 113075764 424 2986 4786 139321761 1265 1973 4332 11807326 1602 2116 5423 31462235 7 3342 4563 184641752 1576 1916 5625 7193574 
64 4294967295 106767 10422 55197 50580 125931 116610 8505 36816 74538 72382 49595 30133 87314 67852 122681 162019 7520 79786 92279 14017 132350 18808 26597 98863 54908 136582 83162 1204 2616 3774 91700701 57 2670 4001 99127562 590 1975 4783 12628871 535 2032 4275 18720580 1432 3434 5145 196342865 1321 2985 4675 139136766 34 2758 4724 111050779 371 3737 4338 233502984 820 2167 5260 38163926 
64 4294967295 17391 24534 92829 36468 29499 60162 41433 67392 8682 48862 117803 103045 132002 51388 139145 98515 96896 72730 78167 39889 158222 148168 146549 65935 123116 80134 127850 140 3035 5256 147245533 225 2674 5429 101811194 1038 2593 5150 90750551 367 2762 5341 112215716 284 2283 4615 51018273 649 2420 4838 69045598 426 2981 5568 140792603 735 2390 5207 66211496 36 3572 5087 213795606 
64 4294967295 31503 52758 78717 111732 69483 116610 29673 48576 147450 18286 146027 91285 160226 114892 9785 84403 75728 136234 134615 105745 40622 61144 90101 72991 78428 51910 158426 308 3176 5592 165477453 561 3430 4586 195267914 870 3067 3801 148053895 1263 2426 4618 68642564 760 2895 5571 130243825 1321 2677 4757 100581214 286 2813 5287 119147147 511 2536 5423 84222328 1688 2026 4168 18542758 
64 4294967295 97359 66870 153981 149364 24795 81330 43785 83856 34554 60622 33131 8965 40274 129004 157961 91459 94544 145642 21719 28129 108830 30568 66581 58879 101948 7222 137258 1092 1894 4810 2137325 729 2172 4477 36690586 1766 2897 5319 129799239 1711 1915 4164 4465892 228 2530 4980 83373953 901 2509 5565 80976510 454 3344 3943 183498651 931 3542 4079 208410280 344 2143 4898 33948358 
64 4294967295 57375 33942 97533 128196 151803 107202 17913 105024 13386 161758 94283 157141 101426 23164 73289 74995 7520 60970 80519 117505 82958 56440 31301 112975 26684 89542 160778 616 2534 4557 82596893 337 2874 4057 123876090 1094 3734 3774 232472663 1459 2701 4672 103946868 1740 2480 4892 76219953 1209 3207 4807 167551278 146 3679 4002 225827595 1183 3153 5599 161982584 92 2084 4643 26429798 
64 4294967295 59727 158598 71661 8244 107115 121314 119049 62688 27498 65326 141323 56005 7346 124300 70937 112627 19280 117418 26423 58705 106478 101128 80693 129439 163100 150694 111386 644 3349 3999 183609021 1821 2475 4952 76327274 786 3602 5367 217861255 31 3206 5626 169041604 1208 3288 3772 176165841 1377 3149 5011 160884926 1350 2507 4529 79045547 679 3012 3914 141219912 260 2586 4645 89783270 
64 4294967295 149103 15126 142221 22356 107115 147186 29673 10944 53370 126478 14315 88933 139058 136060 52121 98515 61616 18634 118151 86929 94718 129352 92453 56527 125468 28390 132554 1708 3348 5178 185844989 113 2146 5091 34309578 1626 3314 3855 179854503 199 2981 5263 140208436 1208 2481 4305 75101969 1685 3428 4812 195719614 286 2030 5340 20709675 63 2867 4785 125234152 568 2843 4418 121046054 
64 4294967295 31503 55110 151629 135252 161211 83682 74361 27408 65130 62974 87227 150085 26162 37276 134441 143203 132176 42154 139319 91633 118238 77608 111269 16543 99596 155398 40826 308 3658 5343 224834093 589 3595 5285 217698154 1738 2310 4171 53737911 1543 2899 3996 127324180 1852 2558 5009 86991329 929 2252 5092 48409934 818 2005 5258 17047611 259 3513 4723 206080232 708 2732 4870 107812918 
64 4294967295 160863 76278 26973 12948 137691 60162 142569 32112 39258 152350 106043 147733 92018 72556 66233 89107 23984 126826 54647 129265 125294 155224 59525 145903 71372 11926 160778 1848 3567 5176 214003917 841 3622 4393 219543690 254 2869 4335 124399047 87 2672 3970 99075876 1572 3318 4473 181008609 649 1950 4947 9426318 1630 3347 4780 185107419 315 3545 4534 209233480 400 3656 5599 225309430 
64 4294967295 151455 113910 62253 95268 41259 111906 140217 6240 138042 128830 146027 100693 54386 9052 157961 13843 38096 108010 19367 82225 134702 25864 163013 131791 92540 98950 73754 1736 3377 4138 187421613 1289 3007 5565 144336138 674 3094 5288 154351767 1067 2787 3915 113075764 424 2986 4786 139321761 1265 1973 4332 11807326 1602 2116 5423 31462235 7 3342 4563 184641752 1576 1916 5625 7193574 
64 4294967295 106767 10422 55197 50580 125931 116610 8505 36816 74538 72382 49595 30133 87314 67852 122681 162019 7520 79786 92279 14017 132350 18808 26597 98863 54908 136582 83162 1204 2616 3774 91700701 57 2670 4001 99127562 590 1975 4783 12628871 535 2032 4275 18720580 1432 3434 5145 196342865 1321 2985 4675 139136766 34 2758 4724 111050779 371 3737 4338 233502984 820 2167 5260 38163926 
