43 4294967295 9180 23319 12549 16941 27831 11649 21529 4529 27004 6755 19483 30641 8713 15539 5524 8018 20746 25367 133 867 1573 5108664 381 845 1308 4688841 192 977 1481 6757391 269 600 1154 926539 460 656 1176 1789349 176 881 1115 5149919 
43 4294967295 9180 29817 4968 6111 25665 15981 7450 21857 22672 31664 4321 28475 15211 27452 14188 29678 18580 24284 133 634 1591 1722484 495 770 1556 3690315 59 752 1462 3348468 79 901 1419 5592825 422 579 1517 838475 252 829 1535 4524667 
43 4294967295 15678 17904 11466 27771 4005 5151 29110 26189 8593 20834 9736 3566 19543 31784 14188 2603 23995 8039 247 654 1177 1785298 286 846 1098 4575848 173 1014 1401 7282646 459 924 1081 5701125 42 674 1593 2286807 62 752 1495 3368745 
43 4294967295 11346 12489 29877 16941 9420 14898 3118 31604 6427 2423 20566 23060 29290 25286 16354 26429 23995 5873 171 790 1499 3936858 191 1017 1590 7384067 496 558 1440 516423 269 616 1078 1169131 137 864 1139 4876260 233 924 1479 5909102 
43 4294967295 18927 23319 2802 21273 13752 20313 4201 22940 5344 25166 8653 26309 27124 10124 2275 28595 29410 17786 304 979 1537 6789841 381 577 1348 746721 21 543 1497 254698 345 1019 1477 7326347 213 597 1438 1077096 328 655 1213 1807059 
43 4294967295 17844 20070 7134 16941 27831 4068 8533 27272 6427 5672 25981 19811 29290 12290 16354 14516 22912 25367 285 653 1290 1846668 324 790 1135 3747714 97 905 1383 5572950 269 1017 1514 7345119 460 616 1481 1385029 43 959 1251 6350244 
43 4294967295 13512 7074 11466 6111 18084 30060 10699 28355 29170 21917 12985 3566 8713 15539 27184 21014 16414 25367 209 691 1308 2421380 96 656 1098 1741998 173 980 1420 6726706 79 731 1533 3106257 289 1015 1404 7284852 499 791 1481 3932988 
43 4294967295 20010 17904 11466 10443 27831 14898 17197 29438 30253 23000 21649 24143 9796 14456 2275 4769 26161 9122 323 805 1289 4111582 286 675 1459 2220684 173 543 1196 95858 155 962 1552 6514097 460 883 1439 5327149 233 1034 1119 7415194 
43 4294967295 22176 9240 29877 18024 8337 10566 26944 5612 7510 2423 6487 16562 24958 3626 28267 12350 21829 29699 361 617 1557 1423576 134 976 1134 6574344 496 999 1078 6833923 288 886 1326 5263232 118 635 1099 1459395 157 941 1252 6069386 
43 4294967295 23259 24402 9300 2862 12669 10566 8533 31604 18340 14336 28147 29558 30373 16622 19603 27512 2335 5873 380 544 1554 291841 400 1036 1518 7630630 135 825 1590 4552764 22 997 1327 6956322 194 847 1287 4675183 157 653 1139 1763378 
43 4294967295 9180 23319 12549 16941 27831 11649 21529 4529 27004 6755 19483 30641 8713 15539 5524 8018 20746 25367 133 867 1573 5108664 381 845 1308 4688841 192 977 1481 6757391 269 600 1154 926539 460 656 1176 1789349 176 881 1115 5149919 
43 4294967295 9180 29817 4968 6111 25665 15981 7450 21857 22672 31664 4321 28475 15211 27452 14188 29678 18580 24284 133 634 1591 1722484 495 770 1556 3690315 59 752 1462 3348468 79 901 1419 5592825 422 579 1517 838475 252 829 1535 4524667 
43 4294967295 15678 17904 11466 27771 4005 5151 29110 26189 8593 20834 9736 3566 19543 31784 14188 2603 23995 8039 247 654 1177 1785298 286 846 1098 4575848 173 1014 1401 7282646 459 924 1081 5701125 42 674 1593 2286807 62 752 1495 3368745 
43 4294967295 11346 12489 29877 16941 9420 14898 3118 31604 6427 2423 20566 23060 29290 25286 16354 26429 23995 5873 171 790 1499 3936858 191 1017 1590 7384067 496 558 1440 516423 269 616 1078 1169131 137 864 1139 4876260 233 924 1479 5909102 
43 4294967295 18927 23319 2802 21273 13752 20313 4201 22940 5344 25166 8653 26309 27124 10124 2275 28595 29410 17786 304 979 1537 6789841 381 577 1348 746721 21 543 1497 254698 345 1019 1477 7326347 213 597 1438 1077096 328 655 1213 1807059 
43 4294967295 17844 20070 7134 16941 27831 4068 8533 27272 6427 5672 25981 19811 29290 12290 16354 14516 22912 25367 285 653 1290 1846668 324 790 1135 3747714 97 905 1383 5572950 269 1017 1514 7345119 460 616 1481 1385029 43 959 1251 6350244 
43 4294967295 13512 7074 11466 6111 18084 30060 10699 28355 29170 21917 12985 3566 8713 15539 27184 21014 16414 25367 209 691 1308 2421380 96 656 1098 1741998 173 980 1420 6726706 79 731 1533 3106257 289 1015 1404 7284852 499 791 1481 3932988 
43 4294967295 20010 17904 11466 10443 27831 14898 17197 29438 30253 23000 21649 24143 9796 14456 2275 4769 26161 9122 323 805 1289 4111582 286 675 1459 2220684 173 543 1196 95858 155 962 1552 6514097 460 883 1439 5327149 233 1034 1119 7415194 
43 4294967295 22176 9240 29877 18024 8337 10566 26944 5612 7510 2423 6487 16562 24958 3626 28267 12350 21829 29699 361 617 1557 1423576 134 976 1134 6574344 496 999 1078 6833923 288 886 1326 5263232 118 635 1099 1459395 157 941 1252 6069386 
43 4294967295 23259 24402 9300 2862 12669 10566 8533 31604 18340 14336 28147 29558 30373 16622 19603 27512 2335 5873 380 544 1554 291841 400 1036 1518 7630630 135 825 1590 4552764 22 997 1327 6956322 194 847 1287 4675183 157 653 1139 1763378 
