8 4294967295 990 922 1886 44 190 423 228026 
8 4294967295 1470 634 2174 84 166 447 93210 
8 4294967295 1278 1642 1022 68 250 351 563738 
8 4294967295 1374 1258 1646 76 218 403 386842 
8 4294967295 1518 1498 1022 88 238 351 494506 
8 4294967295 1758 682 878 108 170 339 99994 
8 4294967295 1374 1786 1502 76 262 391 639162 
8 4294967295 1566 1066 1166 92 202 363 288410 
8 4294967295 1086 1450 590 52 234 315 465786 
8 4294967295 558 2026 2174 8 282 447 762922 
8 4294967295 990 922 1886 44 190 423 228026 
8 4294967295 1470 634 2174 84 166 447 93210 
8 4294967295 1278 1642 1022 68 250 351 563738 
8 4294967295 1374 1258 1646 76 218 403 386842 
8 4294967295 1518 1498 1022 88 238 351 494506 
8 4294967295 1758 682 878 108 170 339 99994 
8 4294967295 1374 1786 1502 76 262 391 639162 
8 4294967295 1566 1066 1166 92 202 363 288410 
8 4294967295 1086 1450 590 52 234 315 465786 
8 4294967295 558 2026 2174 8 282 447 762922 
