8 4294967295 714 646 314 36 122 187 60774 
8 4294967295 858 1270 1082 48 174 251 176742 
8 4294967295 1098 502 1370 68 110 275 43606 
8 4294967295 618 934 842 28 146 231 115574 
8 4294967295 378 1318 1370 8 178 275 187254 
8 4294967295 762 502 554 40 110 207 37238 
8 4294967295 1242 1318 842 80 178 231 183494 
8 4294967295 1194 694 506 76 126 203 70870 
8 4294967295 666 406 1370 32 102 275 26534 
8 4294967295 666 406 1130 32 102 255 24694 
8 4294967295 714 646 314 36 122 187 60774 
8 4294967295 858 1270 1082 48 174 251 176742 
8 4294967295 1098 502 1370 68 110 275 43606 
8 4294967295 618 934 842 28 146 231 115574 
8 4294967295 378 1318 1370 8 178 275 187254 
8 4294967295 762 502 554 40 110 207 37238 
8 4294967295 1242 1318 842 80 178 231 183494 
8 4294967295 1194 694 506 76 126 203 70870 
8 4294967295 666 406 1370 32 102 275 26534 
8 4294967295 666 406 1130 32 102 255 24694 
