43 4294967295 18984 8214 25602 35409 32220 14955 23752 10001 27061 17642 31453 46943 45592 12347 20743 42731 48961 8096 285 1415 2599 22378600 96 1338 2085 18580178 401 1722 2525 35619398 573 1227 1951 13477483 517 1280 1992 16006308 214 1663 1918 32566121 
43 4294967295 31980 46119 10440 6168 49548 23619 15088 19748 45472 31721 20623 30698 48841 43754 17494 29735 40297 13511 513 1170 2543 11518276 761 1570 2332 28799005 135 1225 2122 13625112 60 1720 2013 35145064 821 1128 2297 9635380 366 1661 2314 32932897 
43 4294967295 3822 50451 11523 22413 52797 20370 28084 39242 34642 31721 16291 43694 26098 24260 42403 36233 14305 3764 19 1114 2332 8823050 837 1356 2201 19529969 154 1607 2411 30520273 345 1471 1842 24181855 878 1149 2542 10693471 309 1321 2464 18099046 
43 4294967295 38478 46119 7191 51654 20307 35532 32416 18665 6484 30638 48781 26366 47758 41588 14245 31901 22969 46001 627 1266 2505 15644506 761 1719 2583 35678221 78 977 2313 2984637 858 1113 2103 8631058 308 1432 2238 22881553 575 1701 2335 34617684 
43 4294967295 20067 46119 22353 21330 30054 7374 51910 10001 32476 40385 43366 45860 13102 37256 8830 11324 38131 14594 304 1624 2580 31510817 761 1093 1974 7676173 344 1018 2484 4809131 326 1774 2429 38026566 479 1433 2032 22694194 81 1532 1951 26776042 
43 4294967295 36312 6048 11523 52737 40884 8457 25918 17582 7567 46883 5461 19868 34762 21011 54316 40565 11056 44918 589 996 2144 3670136 58 1057 2084 6103296 154 1318 2487 18113425 877 1816 2598 39856475 669 959 2564 2389388 100 1473 2124 24437123 
43 4294967295 49308 43953 2859 40824 43050 46362 12922 8918 53053 15476 16291 4706 54256 30758 32656 6992 28384 48167 817 1149 1898 10103156 723 1090 1858 7571483 2 1794 2047 38505593 668 1361 2621 19907976 707 1815 1932 39246766 765 1436 2315 22959550 
43 4294967295 3822 27708 47262 23496 12726 51777 48661 22997 53053 20891 50947 30698 54256 8015 46735 18905 11056 34088 19 1717 2142 35265578 438 1683 2314 33766004 781 1057 2107 6134362 364 1794 2374 38807048 175 1757 2179 36966690 860 1815 1916 39232347 
43 4294967295 36312 52617 15855 12666 20307 34449 25918 40325 33559 3563 19540 27449 12019 49169 7747 17822 8890 28673 589 999 2638 4120664 875 1318 2257 17919187 230 1452 1838 23347925 174 1074 2483 7301134 308 1019 2088 4444561 556 1206 2279 12939995 
43 4294967295 11403 42870 22353 50571 7311 38781 54076 24080 16231 32804 24955 42611 35845 19928 52150 41648 3475 46001 152 924 2523 681417 704 1812 2506 39766546 344 1301 2583 17371931 839 1778 2351 37967001 80 1492 2198 25337797 632 1148 2125 10307583 
43 4294967295 18984 8214 25602 35409 32220 14955 23752 10001 27061 17642 31453 46943 45592 12347 20743 42731 48961 8096 285 1415 2599 22378600 96 1338 2085 18580178 401 1722 2525 35619398 573 1227 1951 13477483 517 1280 1992 16006308 214 1663 1918 32566121 
43 4294967295 31980 46119 10440 6168 49548 23619 15088 19748 45472 31721 20623 30698 48841 43754 17494 29735 40297 13511 513 1170 2543 11518276 761 1570 2332 28799005 135 1225 2122 13625112 60 1720 2013 35145064 821 1128 2297 9635380 366 1661 2314 32932897 
43 4294967295 3822 50451 11523 22413 52797 20370 28084 39242 34642 31721 16291 43694 26098 24260 42403 36233 14305 3764 19 1114 2332 8823050 837 1356 2201 19529969 154 1607 2411 30520273 345 1471 1842 24181855 878 1149 2542 10693471 309 1321 2464 18099046 
43 4294967295 38478 46119 7191 51654 20307 35532 32416 18665 6484 30638 48781 26366 47758 41588 14245 31901 22969 46001 627 1266 2505 15644506 761 1719 2583 35678221 78 977 2313 2984637 858 1113 2103 8631058 308 1432 2238 22881553 575 1701 2335 34617684 
43 4294967295 20067 46119 22353 21330 30054 7374 51910 10001 32476 40385 43366 45860 13102 37256 8830 11324 38131 14594 304 1624 2580 31510817 761 1093 1974 7676173 344 1018 2484 4809131 326 1774 2429 38026566 479 1433 2032 22694194 81 1532 1951 26776042 
43 4294967295 36312 6048 11523 52737 40884 8457 25918 17582 7567 46883 5461 19868 34762 21011 54316 40565 11056 44918 589 996 2144 3670136 58 1057 2084 6103296 154 1318 2487 18113425 877 1816 2598 39856475 669 959 2564 2389388 100 1473 2124 24437123 
43 4294967295 49308 43953 2859 40824 43050 46362 12922 8918 53053 15476 16291 4706 54256 30758 32656 6992 28384 48167 817 1149 1898 10103156 723 1090 1858 7571483 2 1794 2047 38505593 668 1361 2621 19907976 707 1815 1932 39246766 765 1436 2315 22959550 
43 4294967295 3822 27708 47262 23496 12726 51777 48661 22997 53053 20891 50947 30698 54256 8015 46735 18905 11056 34088 19 1717 2142 35265578 438 1683 2314 33766004 781 1057 2107 6134362 364 1794 2374 38807048 175 1757 2179 36966690 860 1815 1916 39232347 
43 4294967295 36312 52617 15855 12666 20307 34449 25918 40325 33559 3563 19540 27449 12019 49169 7747 17822 8890 28673 589 999 2638 4120664 875 1318 2257 17919187 230 1452 1838 23347925 174 1074 2483 7301134 308 1019 2088 4444561 556 1206 2279 12939995 
43 4294967295 11403 42870 22353 50571 7311 38781 54076 24080 16231 32804 24955 42611 35845 19928 52150 41648 3475 46001 152 924 2523 681417 704 1812 2506 39766546 344 1301 2583 17371931 839 1778 2351 37967001 80 1492 2198 25337797 632 1148 2125 10307583 
