50 4294967295 41583 11160 40269 38886 21531 33216 43452 37798 49859 52387 9272 48100 10793 6061 45710 54046 25451 17815 19712 32404 31352 594 1549 2023 21725749 133 1574 1933 22273176 574 1246 2240 13117855 553 1328 1688 15190850 290 1484 1711 19593337 467 847 2303 1877024 622 1025 1846 6532644 
50 4294967295 41583 11160 44625 30174 7011 21600 39096 43606 4847 10279 52832 26320 19505 40909 23930 9034 15287 32335 28424 13528 18284 594 960 1621 4475989 133 1375 1825 16540680 640 911 1910 3448987 421 1416 1978 17923514 70 1154 1843 10284081 291 892 1779 2709504 556 1245 2348 13204584 
50 4294967295 38679 25680 18489 12750 46215 53544 24576 17470 16463 11731 15080 3088 41285 52525 23930 29362 5123 20719 22616 48376 35708 550 1069 1625 7611341 353 1200 1797 11509984 244 933 1776 3962995 157 1488 1890 19729802 664 802 1910 313197 775 1020 2089 6727672 336 1551 2173 21842048 
50 4294967295 15447 30036 24297 46146 53475 17244 4248 8758 39695 33511 13628 52456 20957 35101 42806 27910 15287 3295 41492 29500 38612 198 888 1865 2777149 419 1202 1754 11476588 332 1263 1779 13373891 663 805 2176 522262 774 1287 2133 14289665 225 1550 2196 21857028 28 1178 2149 11154360 
50 4294967295 25611 9708 50433 51954 5559 27408 8604 24730 20819 21895 4916 36484 45641 39457 23930 43882 8027 19267 41492 38212 15380 352 1353 2176 16197017 111 1087 1622 8228948 728 1420 1781 17773451 751 1047 1910 7215014 48 1334 1863 15319133 379 1308 2239 14995360 94 1130 1669 9517956 
50 4294967295 12543 38748 17037 14202 8463 46284 15864 5854 10655 20443 32504 37936 51449 7513 23930 54046 28355 30883 12452 19336 26996 154 844 1957 1591349 551 1048 1977 7262884 222 1574 1910 22257711 179 1330 2040 15461406 92 1065 1736 7688389 665 1223 2327 12562292 204 869 1709 2028056 
50 4294967295 12543 18420 34461 51954 46215 2724 37644 14566 51311 53839 4916 5992 28217 39457 23930 9034 26903 33787 8096 44020 29900 154 892 1975 2863301 243 1353 2001 16055228 486 976 1955 5362239 751 1267 2325 13818710 664 846 1622 1341213 5 1422 1910 17862092 534 1571 1670 22072916 
50 4294967295 21255 31488 38817 15654 8463 40476 36192 33442 28079 45127 6368 20512 54353 24937 38450 13390 42875 43951 12452 19336 29900 286 1439 2001 18565229 441 958 1973 4751408 552 1421 2371 18240027 201 1066 2130 8004418 92 1048 2197 7427029 577 1262 1644 13274740 512 1133 1736 9579424 
50 4294967295 29967 5352 6873 9846 15723 24504 17316 18922 13559 33511 26696 42292 48545 52525 23930 36622 38519 49759 32780 39664 5216 418 1396 2283 17540117 45 1509 1753 20250056 68 1042 1910 7199987 113 1263 1627 13247106 202 1356 2131 16158873 335 1310 1952 14767880 226 1551 2044 21735084 
50 4294967295 48843 47460 21393 14202 2655 24504 42000 13114 44051 10279 19436 51004 54353 46717 31190 27910 23999 38143 53108 35308 26996 704 954 1842 4652649 683 911 1957 3484780 288 1463 2215 19366779 179 1290 2371 14468238 4 1528 1911 20998389 335 1333 2352 15708776 600 1178 2020 11062400 
50 4294967295 41583 11160 40269 38886 21531 33216 43452 37798 49859 52387 9272 48100 10793 6061 45710 54046 25451 17815 19712 32404 31352 594 1549 2023 21725749 133 1574 1933 22273176 574 1246 2240 13117855 553 1328 1688 15190850 290 1484 1711 19593337 467 847 2303 1877024 622 1025 1846 6532644 
50 4294967295 41583 11160 44625 30174 7011 21600 39096 43606 4847 10279 52832 26320 19505 40909 23930 9034 15287 32335 28424 13528 18284 594 960 1621 4475989 133 1375 1825 16540680 640 911 1910 3448987 421 1416 1978 17923514 70 1154 1843 10284081 291 892 1779 2709504 556 1245 2348 13204584 
50 4294967295 38679 25680 18489 12750 46215 53544 24576 17470 16463 11731 15080 3088 41285 52525 23930 29362 5123 20719 22616 48376 35708 550 1069 1625 7611341 353 1200 1797 11509984 244 933 1776 3962995 157 1488 1890 19729802 664 802 1910 313197 775 1020 2089 6727672 336 1551 2173 21842048 
50 4294967295 15447 30036 24297 46146 53475 17244 4248 8758 39695 33511 13628 52456 20957 35101 42806 27910 15287 3295 41492 29500 38612 198 888 1865 2777149 419 1202 1754 11476588 332 1263 1779 13373891 663 805 2176 522262 774 1287 2133 14289665 225 1550 2196 21857028 28 1178 2149 11154360 
50 4294967295 25611 9708 50433 51954 5559 27408 8604 24730 20819 21895 4916 36484 45641 39457 23930 43882 8027 19267 41492 38212 15380 352 1353 2176 16197017 111 1087 1622 8228948 728 1420 1781 17773451 751 1047 1910 7215014 48 1334 1863 15319133 379 1308 2239 14995360 94 1130 1669 9517956 
50 4294967295 12543 38748 17037 14202 8463 46284 15864 5854 10655 20443 32504 37936 51449 7513 23930 54046 28355 30883 12452 19336 26996 154 844 1957 1591349 551 1048 1977 7262884 222 1574 1910 22257711 179 1330 2040 15461406 92 1065 1736 7688389 665 1223 2327 12562292 204 869 1709 2028056 
50 4294967295 12543 18420 34461 51954 46215 2724 37644 14566 51311 53839 4916 5992 28217 39457 23930 9034 26903 33787 8096 44020 29900 154 892 1975 2863301 243 1353 2001 16055228 486 976 1955 5362239 751 1267 2325 13818710 664 846 1622 1341213 5 1422 1910 17862092 534 1571 1670 22072916 
50 4294967295 21255 31488 38817 15654 8463 40476 36192 33442 28079 45127 6368 20512 54353 24937 38450 13390 42875 43951 12452 19336 29900 286 1439 2001 18565229 441 958 1973 4751408 552 1421 2371 18240027 201 1066 2130 8004418 92 1048 2197 7427029 577 1262 1644 13274740 512 1133 1736 9579424 
50 4294967295 29967 5352 6873 9846 15723 24504 17316 18922 13559 33511 26696 42292 48545 52525 23930 36622 38519 49759 32780 39664 5216 418 1396 2283 17540117 45 1509 1753 20250056 68 1042 1910 7199987 113 1263 1627 13247106 202 1356 2131 16158873 335 1310 1952 14767880 226 1551 2044 21735084 
50 4294967295 48843 47460 21393 14202 2655 24504 42000 13114 44051 10279 19436 51004 54353 46717 31190 27910 23999 38143 53108 35308 26996 704 954 1842 4652649 683 911 1957 3484780 288 1463 2215 19366779 179 1290 2371 14468238 4 1528 1911 20998389 335 1333 2352 15708776 600 1178 2020 11062400 
