43 4294967295 14082 11976 33696 17511 22986 34962 41593 27842 38404 19238 40630 11717 9283 21524 7177 4256 10486 33518 209 1357 1994 17633768 172 867 1783 3928784 553 1413 1894 19135568 269 809 1611 2243315 365 846 1743 3383734 575 1396 1480 18312910 
43 4294967295 24912 5478 40194 29424 19737 13302 16684 31091 21076 9491 41713 7385 32026 16109 24505 39995 23482 33518 399 1053 2107 9379142 58 1113 1994 10854208 667 1095 1572 10042700 478 1415 1535 18873502 308 976 1688 6990485 195 1245 1951 14478368 
43 4294967295 20580 28221 14202 3432 7824 5721 26431 15929 24325 34400 16804 40958 20113 30188 32086 19418 33229 12941 323 978 1746 7031920 457 1147 1685 11684869 211 1266 1935 14986234 22 1246 1633 14241872 99 1036 2124 8865880 62 1110 2009 10868007 
43 4294967295 22746 19557 28281 40254 7824 18717 3688 36506 6997 43064 41713 37709 4951 6362 24505 18335 21316 25937 361 806 2067 2574292 305 1415 2161 19322907 458 748 1861 861387 668 770 1517 1139738 99 1057 1727 9099086 290 1113 2046 10899775 
43 4294967295 25995 24972 14202 3432 9990 34962 9103 20261 32989 34400 42796 23630 27694 7445 40750 17252 19150 30269 418 1398 2009 18694025 400 1019 1708 8048516 211 843 1937 3517986 22 1434 1820 19591892 137 1169 1761 12254948 575 1262 1536 14705076 
43 4294967295 31410 6561 10953 13179 14322 3555 21016 37589 8080 27902 28717 16049 40690 26939 42916 36746 18067 3194 513 1000 1878 7652840 77 1052 1462 8906613 154 1187 1895 12872579 193 1436 2065 19773475 213 825 2050 3079050 24 1397 1687 18453339 
43 4294967295 22746 31470 25032 37005 34899 33879 41593 10514 12412 30068 13555 20381 17947 33437 27754 22667 7237 11858 361 901 1614 4851480 514 810 1590 2234250 401 1170 1803 12287398 611 921 1992 5651877 574 1413 1763 19039943 556 998 1933 7694817 
43 4294967295 27078 15225 17451 18594 41397 11136 13435 23510 29740 38732 16804 6302 42856 15026 28837 35663 3988 3194 437 978 1669 6979214 229 919 2031 5672053 268 753 1516 610853 288 1205 2085 13533590 688 1189 1818 12827855 157 1435 1462 19333818 
43 4294967295 16248 23889 4455 13179 37065 25215 12352 20261 8080 30068 31966 7385 11449 3113 28837 23750 27814 16190 247 825 1933 2997384 381 1189 1690 12725993 40 1244 1460 14118751 193 900 1822 4999189 612 884 1535 4280097 404 1171 1761 12260023 
43 4294967295 4335 36885 40194 15345 26235 10053 36178 19178 16744 34400 22219 24713 39607 12860 35335 6422 9403 28103 38 848 1899 3487261 609 1378 1839 18052909 667 1073 2009 9836930 231 1318 1742 16413287 422 1303 1631 15813325 138 977 1518 6863795 
43 4294967295 14082 11976 33696 17511 22986 34962 41593 27842 38404 19238 40630 11717 9283 21524 7177 4256 10486 33518 209 1357 1994 17633768 172 867 1783 3928784 553 1413 1894 19135568 269 809 1611 2243315 365 846 1743 3383734 575 1396 1480 18312910 
43 4294967295 24912 5478 40194 29424 19737 13302 16684 31091 21076 9491 41713 7385 32026 16109 24505 39995 23482 33518 399 1053 2107 9379142 58 1113 1994 10854208 667 1095 1572 10042700 478 1415 1535 18873502 308 976 1688 6990485 195 1245 1951 14478368 
43 4294967295 20580 28221 14202 3432 7824 5721 26431 15929 24325 34400 16804 40958 20113 30188 32086 19418 33229 12941 323 978 1746 7031920 457 1147 1685 11684869 211 1266 1935 14986234 22 1246 1633 14241872 99 1036 2124 8865880 62 1110 2009 10868007 
43 4294967295 22746 19557 28281 40254 7824 18717 3688 36506 6997 43064 41713 37709 4951 6362 24505 18335 21316 25937 361 806 2067 2574292 305 1415 2161 19322907 458 748 1861 861387 668 770 1517 1139738 99 1057 1727 9099086 290 1113 2046 10899775 
43 4294967295 25995 24972 14202 3432 9990 34962 9103 20261 32989 34400 42796 23630 27694 7445 40750 17252 19150 30269 418 1398 2009 18694025 400 1019 1708 8048516 211 843 1937 3517986 22 1434 1820 19591892 137 1169 1761 12254948 575 1262 1536 14705076 
43 4294967295 31410 6561 10953 13179 14322 3555 21016 37589 8080 27902 28717 16049 40690 26939 42916 36746 18067 3194 513 1000 1878 7652840 77 1052 1462 8906613 154 1187 1895 12872579 193 1436 2065 19773475 213 825 2050 3079050 24 1397 1687 18453339 
43 4294967295 22746 31470 25032 37005 34899 33879 41593 10514 12412 30068 13555 20381 17947 33437 27754 22667 7237 11858 361 901 1614 4851480 514 810 1590 2234250 401 1170 1803 12287398 611 921 1992 5651877 574 1413 1763 19039943 556 998 1933 7694817 
43 4294967295 27078 15225 17451 18594 41397 11136 13435 23510 29740 38732 16804 6302 42856 15026 28837 35663 3988 3194 437 978 1669 6979214 229 919 2031 5672053 268 753 1516 610853 288 1205 2085 13533590 688 1189 1818 12827855 157 1435 1462 19333818 
43 4294967295 16248 23889 4455 13179 37065 25215 12352 20261 8080 30068 31966 7385 11449 3113 28837 23750 27814 16190 247 825 1933 2997384 381 1189 1690 12725993 40 1244 1460 14118751 193 900 1822 4999189 612 884 1535 4280097 404 1171 1761 12260023 
43 4294967295 4335 36885 40194 15345 26235 10053 36178 19178 16744 34400 22219 24713 39607 12860 35335 6422 9403 28103 38 848 1899 3487261 609 1378 1839 18052909 667 1073 2009 9836930 231 1318 1742 16413287 422 1303 1631 15813325 138 977 1518 6863795 
