57 4294967295 19428 6381 109584 44037 10365 59193 104271 33102 57652 78857 112105 114560 27808 13388 9136 41591 108589 52919 26167 37997 106870 77450 30073 81227 200 1764 3942 25490051 26 1816 3974 29873827 1402 2184 3069 61215103 528 2840 3923 119013254 79 2863 3397 120403280 730 1537 3596 5406431 1331 1786 3445 26956457 382 2910 4418 126273984 
57 4294967295 107553 85131 4584 10287 40365 91068 12396 57477 61402 16982 97105 110810 104683 47138 65386 49091 67339 96044 59917 71747 22495 84950 101323 83102 1375 2214 3999 64754426 1076 2766 3117 111320077 2 2287 4023 71283853 78 2313 4171 73682629 479 2234 3519 66207030 1155 2710 3545 107597681 106 2811 4368 117490832 707 1715 3847 21003984 
57 4294967295 4428 81381 49584 90912 44115 83568 12396 94977 35152 108857 85855 77060 14683 114638 61636 110966 16714 71669 78667 24872 103120 11825 69448 105602 0 1884 3222 35293801 1026 2341 4342 76140077 602 1638 4370 15248853 1153 2237 4299 67367004 529 2560 3918 95081405 1055 2790 3846 114564556 106 2464 4419 87105832 1207 1611 3048 11133984 
57 4294967295 47553 23256 55209 57162 34740 19818 6771 18102 5152 106982 59605 80810 95308 41513 26011 64091 37339 92294 114292 77372 46870 32450 75073 30602 575 2939 3299 126795051 251 1762 3922 25454452 677 1484 4121 1828228 703 1913 3444 37818879 404 2040 3745 49132030 205 2416 4317 82609556 31 2210 3968 64683957 182 2686 3323 105065859 
57 4294967295 56928 70131 13959 6537 29115 94818 96771 51852 50152 9482 22105 88310 108433 43388 11011 47216 67339 41669 13042 79247 91870 103700 5698 24977 700 1589 4273 10752551 876 2313 3520 72743827 127 1710 3017 19772603 28 1491 3224 484504 329 2861 4068 121405155 1205 1562 3947 8110181 1231 2640 3469 100962082 632 2084 3446 53046484 
57 4294967295 71928 100131 62709 45912 68490 12318 104271 33102 42652 31982 23980 110810 37183 9638 114136 65966 106714 6044 35542 56747 50620 77450 41323 30602 900 2838 4368 119686301 1276 1911 2971 37132577 777 2937 3299 126800103 553 2090 3647 53339504 854 1735 3317 22408905 105 1889 3923 36328931 1331 1966 3019 41558957 382 1984 3770 44817109 
57 4294967295 73803 77631 85209 59037 98490 25443 91146 21852 20152 54482 87730 13310 108433 43388 89761 94091 76714 69794 48667 7997 9370 11825 56323 53102 925 1684 4145 19276301 976 2064 3617 51137577 1077 2166 3821 60137603 728 2861 3469 120530129 1254 1540 2997 4534530 280 2438 3048 82906431 1156 2585 3068 96018957 232 2612 3599 98945859 
57 4294967295 30678 12006 13959 60912 89115 17943 76146 51852 67027 108857 106480 69560 16558 86513 54136 35966 78589 60419 91792 66122 28120 75575 50698 84977 350 2091 3370 52928801 101 2309 3818 73166952 127 2137 4342 58712603 753 1636 3696 14257004 1129 2639 3898 101586405 180 2463 4024 86517681 956 1790 4044 27832082 632 2835 3772 118794609 
57 4294967295 25053 23256 107709 77787 75990 68568 48021 98727 70777 31982 12730 35810 7183 112763 22261 107216 89839 73544 52417 51122 88120 103700 95698 34352 275 1585 4320 10815676 251 1712 4273 21619452 1377 2613 3871 99380103 978 2114 4394 56632004 954 2590 3317 96382655 855 2359 3368 76873306 581 1511 3349 2858332 1257 2691 3572 105461484 
57 4294967295 47553 81381 68334 38412 79740 109818 104271 94977 89527 73232 76480 20810 24058 52763 63511 11591 27964 36044 5542 30497 97495 60575 33823 13727 575 2435 3371 83393176 1026 2262 3698 68654452 852 2609 3867 99366978 453 2715 3168 107027004 1004 1489 3594 1062030 1405 1866 3045 32895181 1331 1788 3074 26403332 1207 1736 3297 22380859 
57 4294967295 19428 6381 109584 44037 10365 59193 104271 33102 57652 78857 112105 114560 27808 13388 9136 41591 108589 52919 26167 37997 106870 77450 30073 81227 200 1764 3942 25490051 26 1816 3974 29873827 1402 2184 3069 61215103 528 2840 3923 119013254 79 2863 3397 120403280 730 1537 3596 5406431 1331 1786 3445 26956457 382 2910 4418 126273984 
57 4294967295 107553 85131 4584 10287 40365 91068 12396 57477 61402 16982 97105 110810 104683 47138 65386 49091 67339 96044 59917 71747 22495 84950 101323 83102 1375 2214 3999 64754426 1076 2766 3117 111320077 2 2287 4023 71283853 78 2313 4171 73682629 479 2234 3519 66207030 1155 2710 3545 107597681 106 2811 4368 117490832 707 1715 3847 21003984 
57 4294967295 4428 81381 49584 90912 44115 83568 12396 94977 35152 108857 85855 77060 14683 114638 61636 110966 16714 71669 78667 24872 103120 11825 69448 105602 0 1884 3222 35293801 1026 2341 4342 76140077 602 1638 4370 15248853 1153 2237 4299 67367004 529 2560 3918 95081405 1055 2790 3846 114564556 106 2464 4419 87105832 1207 1611 3048 11133984 
57 4294967295 47553 23256 55209 57162 34740 19818 6771 18102 5152 106982 59605 80810 95308 41513 26011 64091 37339 92294 114292 77372 46870 32450 75073 30602 575 2939 3299 126795051 251 1762 3922 25454452 677 1484 4121 1828228 703 1913 3444 37818879 404 2040 3745 49132030 205 2416 4317 82609556 31 2210 3968 64683957 182 2686 3323 105065859 
57 4294967295 56928 70131 13959 6537 29115 94818 96771 51852 50152 9482 22105 88310 108433 43388 11011 47216 67339 41669 13042 79247 91870 103700 5698 24977 700 1589 4273 10752551 876 2313 3520 72743827 127 1710 3017 19772603 28 1491 3224 484504 329 2861 4068 121405155 1205 1562 3947 8110181 1231 2640 3469 100962082 632 2084 3446 53046484 
57 4294967295 71928 100131 62709 45912 68490 12318 104271 33102 42652 31982 23980 110810 37183 9638 114136 65966 106714 6044 35542 56747 50620 77450 41323 30602 900 2838 4368 119686301 1276 1911 2971 37132577 777 2937 3299 126800103 553 2090 3647 53339504 854 1735 3317 22408905 105 1889 3923 36328931 1331 1966 3019 41558957 382 1984 3770 44817109 
57 4294967295 73803 77631 85209 59037 98490 25443 91146 21852 20152 54482 87730 13310 108433 43388 89761 94091 76714 69794 48667 7997 9370 11825 56323 53102 925 1684 4145 19276301 976 2064 3617 51137577 1077 2166 3821 60137603 728 2861 3469 120530129 1254 1540 2997 4534530 280 2438 3048 82906431 1156 2585 3068 96018957 232 2612 3599 98945859 
57 4294967295 30678 12006 13959 60912 89115 17943 76146 51852 67027 108857 106480 69560 16558 86513 54136 35966 78589 60419 91792 66122 28120 75575 50698 84977 350 2091 3370 52928801 101 2309 3818 73166952 127 2137 4342 58712603 753 1636 3696 14257004 1129 2639 3898 101586405 180 2463 4024 86517681 956 1790 4044 27832082 632 2835 3772 118794609 
57 4294967295 25053 23256 107709 77787 75990 68568 48021 98727 70777 31982 12730 35810 7183 112763 22261 107216 89839 73544 52417 51122 88120 103700 95698 34352 275 1585 4320 10815676 251 1712 4273 21619452 1377 2613 3871 99380103 978 2114 4394 56632004 954 2590 3317 96382655 855 2359 3368 76873306 581 1511 3349 2858332 1257 2691 3572 105461484 
57 4294967295 47553 81381 68334 38412 79740 109818 104271 94977 89527 73232 76480 20810 24058 52763 63511 11591 27964 36044 5542 30497 97495 60575 33823 13727 575 2435 3371 83393176 1026 2262 3698 68654452 852 2609 3867 99366978 453 2715 3168 107027004 1004 1489 3594 1062030 1405 1866 3045 32895181 1331 1788 3074 26403332 1207 1736 3297 22380859 
