15 4294967295 2292 1143 2956 3290 2539 1976 63 396 692 1058534 8 416 754 1389489 
15 4294967295 6114 3348 6778 1967 5038 4034 245 515 790 2853992 113 598 691 4065722 
15 4294967295 3468 7170 4573 7553 2245 1682 119 493 678 2505994 295 382 957 938444 
15 4294967295 1998 3789 7513 2261 6949 2711 49 606 727 4180226 134 633 705 4588797 
15 4294967295 1263 2613 5308 6671 7537 6974 14 528 930 3104823 78 634 915 4656025 
15 4294967295 5820 6141 3838 1232 4303 7268 231 458 944 2074010 246 480 656 2292755 
15 4294967295 7290 1731 4720 2261 7684 6533 301 641 705 4693648 36 500 909 2683481 
15 4294967295 3762 4671 5602 5936 6361 2123 133 578 699 3757062 176 542 880 3297549 
15 4294967295 5526 2025 7513 4025 6802 6386 217 599 789 4098004 50 633 902 4651321 
15 4294967295 2145 2760 6778 4319 5332 2123 56 598 699 4067575 85 529 803 3064750 
15 4294967295 2292 1143 2956 3290 2539 1976 63 396 692 1058534 8 416 754 1389489 
15 4294967295 6114 3348 6778 1967 5038 4034 245 515 790 2853992 113 598 691 4065722 
15 4294967295 3468 7170 4573 7553 2245 1682 119 493 678 2505994 295 382 957 938444 
15 4294967295 1998 3789 7513 2261 6949 2711 49 606 727 4180226 134 633 705 4588797 
15 4294967295 1263 2613 5308 6671 7537 6974 14 528 930 3104823 78 634 915 4656025 
15 4294967295 5820 6141 3838 1232 4303 7268 231 458 944 2074010 246 480 656 2292755 
15 4294967295 7290 1731 4720 2261 7684 6533 301 641 705 4693648 36 500 909 2683481 
15 4294967295 3762 4671 5602 5936 6361 2123 133 578 699 3757062 176 542 880 3297549 
15 4294967295 5526 2025 7513 4025 6802 6386 217 599 789 4098004 50 633 902 4651321 
15 4294967295 2145 2760 6778 4319 5332 2123 56 598 699 4067575 85 529 803 3064750 
