8 4294967295 42 166 122 0 22 31 518 
8 4294967295 42 166 122 0 22 31 518 
8 4294967295 90 70 170 4 14 35 294 
8 4294967295 42 118 170 0 18 35 422 
8 4294967295 90 70 170 4 14 35 294 
8 4294967295 90 70 170 4 14 35 294 
8 4294967295 90 70 170 4 14 35 294 
8 4294967295 90 70 170 4 14 35 294 
8 4294967295 90 70 170 4 14 35 294 
8 4294967295 138 70 122 8 14 31 262 
8 4294967295 42 166 122 0 22 31 518 
8 4294967295 42 166 122 0 22 31 518 
8 4294967295 90 70 170 4 14 35 294 
8 4294967295 42 118 170 0 18 35 422 
8 4294967295 90 70 170 4 14 35 294 
8 4294967295 90 70 170 4 14 35 294 
8 4294967295 90 70 170 4 14 35 294 
8 4294967295 90 70 170 4 14 35 294 
8 4294967295 90 70 170 4 14 35 294 
8 4294967295 138 70 122 8 14 31 262 
