8 4294967295 654 586 398 36 102 159 38378 
8 4294967295 654 634 974 36 106 207 47018 
8 4294967295 558 634 686 28 106 183 45258 
8 4294967295 654 874 350 36 126 155 69194 
8 4294967295 990 874 782 64 126 191 71898 
8 4294967295 558 730 878 28 114 199 56778 
8 4294967295 558 538 926 28 98 203 36330 
8 4294967295 846 298 734 52 78 187 9354 
8 4294967295 270 442 830 4 90 195 25290 
8 4294967295 894 730 686 56 114 183 55738 
8 4294967295 654 586 398 36 102 159 38378 
8 4294967295 654 634 974 36 106 207 47018 
8 4294967295 558 634 686 28 106 183 45258 
8 4294967295 654 874 350 36 126 155 69194 
8 4294967295 990 874 782 64 126 191 71898 
8 4294967295 558 730 878 28 114 199 56778 
8 4294967295 558 538 926 28 98 203 36330 
8 4294967295 846 298 734 52 78 187 9354 
8 4294967295 270 442 830 4 90 195 25290 
8 4294967295 894 730 686 56 114 183 55738 
