57 4294967295 41928 15756 8334 2787 10365 36693 12396 27477 38902 26357 63355 22685 33433 30263 57886 45341 5464 24794 52417 51122 46870 32450 20698 41852 525 1091 2224 7006926 176 1334 2270 14265702 77 1440 1968 16898228 3 1514 2098 19170129 104 1587 1996 21255155 455 888 2069 1097681 131 1261 2017 11884582 332 1660 2347 23725859 
57 4294967295 38178 40131 60834 44037 15990 27318 55521 31227 33277 9482 42730 18935 25933 22763 12886 15341 54214 64169 46792 60497 48745 58700 37573 51227 475 1161 2349 9279426 501 1465 1792 17482577 777 1316 2448 13706978 553 1385 2472 15890129 179 1259 1870 11758280 330 1439 1918 16862056 706 1538 2521 20271457 382 987 1969 3900859 
57 4294967295 8178 53256 47709 51537 42240 25443 14271 64977 38902 58232 12730 35810 29683 45263 63511 62216 7339 17294 24292 28622 46870 51200 41323 11852 75 1139 1896 8164426 676 1334 2348 14341952 602 985 2442 4310103 653 1211 2269 10665129 529 1440 2143 17058280 305 1662 2047 23470181 156 1366 2495 15178957 832 913 1824 1617109 
57 4294967295 53178 25131 6459 19662 57240 10443 61146 23727 48277 52607 12730 15185 5308 28388 56011 60341 50464 36044 3667 66122 29995 39950 45073 34352 675 1562 1868 20440676 301 886 2198 1200077 52 864 2470 705103 228 985 2124 4024504 729 1215 2146 10560780 105 1459 2547 18110181 781 1416 2367 16533332 282 1488 2044 18412109 
57 4294967295 2553 62631 25209 23412 38490 21693 59271 18102 10777 7607 14605 17060 42808 37763 31636 58466 56089 54794 50542 28622 20620 53075 9448 62477 0 1010 2499 5060051 801 1386 2373 15811327 302 1090 1767 6618853 278 941 1893 2389504 479 1563 2445 20924530 255 959 2396 3536431 756 1489 2169 18530207 207 1237 2047 11185234 
57 4294967295 26928 10131 57084 15912 6615 51693 14271 19977 25777 41357 31480 48935 12808 56513 65386 24716 5464 4169 61792 39872 44995 38075 33823 23102 325 1639 2419 23066926 101 1159 1721 8738827 727 1687 1995 24160728 178 1415 2197 16369504 54 888 2173 1172655 655 986 2318 4205181 156 1235 1974 11120207 232 1266 2217 12057109 
57 4294967295 8178 42006 27084 44037 25365 36693 55521 48102 7027 63857 33355 11435 59683 62138 16636 52841 35464 51044 18667 6122 54370 39950 13198 24977 75 991 2517 4360676 526 1037 2370 5689452 327 1064 2494 6513228 553 1611 2198 22158879 304 909 1747 1540155 455 1260 1818 11722681 706 1288 1999 12600207 607 1540 2346 20120234 
57 4294967295 23178 60756 19584 51537 57240 38568 21771 44352 10777 56357 16480 32060 59683 50888 33511 41591 29839 28544 7417 9872 43120 6200 46948 49352 275 1035 1748 5151926 776 1262 2093 11964452 227 1213 2417 10781978 653 914 1797 1591379 729 1441 2220 17127030 480 1390 2324 15760806 256 959 2344 3493957 557 1611 2046 22031484 
57 4294967295 23178 28881 21459 15912 14115 4818 12396 55602 25777 41357 46480 37685 31558 39638 61636 35966 54214 4169 65542 34247 9370 45575 43198 28727 275 1159 2217 9168176 351 1236 2194 11316327 252 1637 2168 22852603 178 1391 2273 15710754 154 1538 1721 19577655 30 1435 2122 17024556 131 940 2049 2513332 707 1689 2145 24287734 
57 4294967295 58803 6381 51459 15912 8490 53568 64896 23727 3277 28232 57730 18935 14683 62138 48511 37841 42964 11669 33667 22997 29995 51200 5698 13727 750 1388 2042 15533801 51 1264 2348 12158827 652 1462 2494 18081353 178 1585 1918 21193254 79 859 2170 450780 680 1215 1821 10283306 831 1011 1849 4528332 282 891 1972 1008359 
57 4294967295 41928 15756 8334 2787 10365 36693 12396 27477 38902 26357 63355 22685 33433 30263 57886 45341 5464 24794 52417 51122 46870 32450 20698 41852 525 1091 2224 7006926 176 1334 2270 14265702 77 1440 1968 16898228 3 1514 2098 19170129 104 1587 1996 21255155 455 888 2069 1097681 131 1261 2017 11884582 332 1660 2347 23725859 
57 4294967295 38178 40131 60834 44037 15990 27318 55521 31227 33277 9482 42730 18935 25933 22763 12886 15341 54214 64169 46792 60497 48745 58700 37573 51227 475 1161 2349 9279426 501 1465 1792 17482577 777 1316 2448 13706978 553 1385 2472 15890129 179 1259 1870 11758280 330 1439 1918 16862056 706 1538 2521 20271457 382 987 1969 3900859 
57 4294967295 8178 53256 47709 51537 42240 25443 14271 64977 38902 58232 12730 35810 29683 45263 63511 62216 7339 17294 24292 28622 46870 51200 41323 11852 75 1139 1896 8164426 676 1334 2348 14341952 602 985 2442 4310103 653 1211 2269 10665129 529 1440 2143 17058280 305 1662 2047 23470181 156 1366 2495 15178957 832 913 1824 1617109 
57 4294967295 53178 25131 6459 19662 57240 10443 61146 23727 48277 52607 12730 15185 5308 28388 56011 60341 50464 36044 3667 66122 29995 39950 45073 34352 675 1562 1868 20440676 301 886 2198 1200077 52 864 2470 705103 228 985 2124 4024504 729 1215 2146 10560780 105 1459 2547 18110181 781 1416 2367 16533332 282 1488 2044 18412109 
57 4294967295 2553 62631 25209 23412 38490 21693 59271 18102 10777 7607 14605 17060 42808 37763 31636 58466 56089 54794 50542 28622 20620 53075 9448 62477 0 1010 2499 5060051 801 1386 2373 15811327 302 1090 1767 6618853 278 941 1893 2389504 479 1563 2445 20924530 255 959 2396 3536431 756 1489 2169 18530207 207 1237 2047 11185234 
57 4294967295 26928 10131 57084 15912 6615 51693 14271 19977 25777 41357 31480 48935 12808 56513 65386 24716 5464 4169 61792 39872 44995 38075 33823 23102 325 1639 2419 23066926 101 1159 1721 8738827 727 1687 1995 24160728 178 1415 2197 16369504 54 888 2173 1172655 655 986 2318 4205181 156 1235 1974 11120207 232 1266 2217 12057109 
57 4294967295 8178 42006 27084 44037 25365 36693 55521 48102 7027 63857 33355 11435 59683 62138 16636 52841 35464 51044 18667 6122 54370 39950 13198 24977 75 991 2517 4360676 526 1037 2370 5689452 327 1064 2494 6513228 553 1611 2198 22158879 304 909 1747 1540155 455 1260 1818 11722681 706 1288 1999 12600207 607 1540 2346 20120234 
57 4294967295 23178 60756 19584 51537 57240 38568 21771 44352 10777 56357 16480 32060 59683 50888 33511 41591 29839 28544 7417 9872 43120 6200 46948 49352 275 1035 1748 5151926 776 1262 2093 11964452 227 1213 2417 10781978 653 914 1797 1591379 729 1441 2220 17127030 480 1390 2324 15760806 256 959 2344 3493957 557 1611 2046 22031484 
57 4294967295 23178 28881 21459 15912 14115 4818 12396 55602 25777 41357 46480 37685 31558 39638 61636 35966 54214 4169 65542 34247 9370 45575 43198 28727 275 1159 2217 9168176 351 1236 2194 11316327 252 1637 2168 22852603 178 1391 2273 15710754 154 1538 1721 19577655 30 1435 2122 17024556 131 940 2049 2513332 707 1689 2145 24287734 
57 4294967295 58803 6381 51459 15912 8490 53568 64896 23727 3277 28232 57730 18935 14683 62138 48511 37841 42964 11669 33667 22997 29995 51200 5698 13727 750 1388 2042 15533801 51 1264 2348 12158827 652 1462 2494 18081353 178 1585 1918 21193254 79 859 2170 450780 680 1215 1821 10283306 831 1011 1849 4528332 282 891 1972 1008359 
