22 4294967295 3873 10206 5142 10012 8597 4345 10730 11878 12542 90 684 1159 4568971 301 495 1027 1630482 132 746 1098 5458594 
22 4294967295 3873 12606 2442 10912 11897 7345 2330 8578 2942 90 714 818 4892671 381 595 1137 3195182 42 636 839 3683194 
22 4294967295 6873 8106 11142 3412 6197 11845 8030 4378 5642 190 496 929 1590371 231 745 947 5401082 332 464 1008 1166694 
22 4294967295 4773 8106 8442 12112 11297 5245 1730 7678 3542 120 525 798 1995271 231 606 1117 3337982 242 754 859 5518194 
22 4294967295 12273 9606 1242 9112 10097 4345 5630 2278 7742 370 426 1077 585971 281 495 999 1618582 2 654 928 4022094 
22 4294967295 5073 8706 10542 12412 10097 11545 6230 3178 3542 130 764 859 5669171 251 735 1077 5299882 312 456 948 990994 
22 4294967295 12273 7806 9042 9412 3197 12745 6830 8578 10742 370 636 968 3737171 221 664 847 4145182 262 775 1099 5916194 
22 4294967295 11373 4806 9642 10012 4697 11245 8630 10378 10742 340 684 897 4470071 121 696 1099 4697982 282 725 1028 5128594 
22 4294967295 2373 6306 4242 4612 1697 7045 8630 9478 10742 40 666 797 4123871 171 585 1099 3025382 102 504 1028 1780594 
22 4294967295 8973 4806 12042 5812 5297 7945 2930 12778 6842 260 544 969 2367171 121 615 917 3410982 362 776 838 5815794 
22 4294967295 3873 10206 5142 10012 8597 4345 10730 11878 12542 90 684 1159 4568971 301 495 1027 1630482 132 746 1098 5458594 
22 4294967295 3873 12606 2442 10912 11897 7345 2330 8578 2942 90 714 818 4892671 381 595 1137 3195182 42 636 839 3683194 
22 4294967295 6873 8106 11142 3412 6197 11845 8030 4378 5642 190 496 929 1590371 231 745 947 5401082 332 464 1008 1166694 
22 4294967295 4773 8106 8442 12112 11297 5245 1730 7678 3542 120 525 798 1995271 231 606 1117 3337982 242 754 859 5518194 
22 4294967295 12273 9606 1242 9112 10097 4345 5630 2278 7742 370 426 1077 585971 281 495 999 1618582 2 654 928 4022094 
22 4294967295 5073 8706 10542 12412 10097 11545 6230 3178 3542 130 764 859 5669171 251 735 1077 5299882 312 456 948 990994 
22 4294967295 12273 7806 9042 9412 3197 12745 6830 8578 10742 370 636 968 3737171 221 664 847 4145182 262 775 1099 5916194 
22 4294967295 11373 4806 9642 10012 4697 11245 8630 10378 10742 340 684 897 4470071 121 696 1099 4697982 282 725 1028 5128594 
22 4294967295 2373 6306 4242 4612 1697 7045 8630 9478 10742 40 666 797 4123871 171 585 1099 3025382 102 504 1028 1780594 
22 4294967295 8973 4806 12042 5812 5297 7945 2930 12778 6842 260 544 969 2367171 121 615 917 3410982 362 776 838 5815794 
