36 4294967295 29811 24486 6105 29196 18498 33202 28823 35557 12746 16408 13565 17227 22064 9598 36674 576 874 1995 5103217 465 1415 1660 22485122 82 1366 2159 21280915 563 1033 1854 10183332 340 1016 1677 9534646 
36 4294967295 29811 16806 18393 26892 16194 23218 5015 4069 8906 24088 8189 19531 35888 9598 32834 576 1158 1565 14123377 305 1176 2079 15006082 338 1081 1580 11539091 515 874 1499 4745124 292 759 2142 1573558 
36 4294967295 28275 22182 15321 3084 13122 10930 6551 33253 30410 8728 4349 4939 16688 31102 21314 544 777 1485 1623665 417 856 1531 4248194 274 1367 1742 20984467 19 1322 1839 19494308 228 902 2028 6157494 
36 4294967295 29811 11430 32217 34572 21570 4018 18839 17893 25034 15640 14333 11083 3632 22654 34370 576 758 1787 1324657 193 1047 1916 10741890 626 1146 1470 13536659 675 905 2111 6222244 404 1000 1693 9028790 
36 4294967295 21363 17574 34521 3084 9282 26290 27287 11749 21194 29464 36605 13387 25136 5758 14402 400 919 1695 6436721 321 1288 1836 18462338 674 794 2157 2627987 19 1222 1963 16476068 148 953 1918 7630774 
36 4294967295 14451 22950 5337 20748 21570 27826 12695 35557 20426 7192 18173 11083 5168 8062 25922 256 905 1773 5973617 433 824 1820 3419010 66 842 1659 3816339 387 1415 1935 22679716 404 1254 1502 17184950 
36 4294967295 35187 34470 30681 3084 23106 17842 19607 36325 14282 17176 24317 20299 9776 6526 11330 688 1097 1631 12097649 673 1431 1901 23179650 594 1032 1598 9999507 19 1046 1803 10658468 436 810 1692 2808502 
36 4294967295 32883 8358 27609 23820 25410 30898 26519 4837 23498 4120 34301 31819 11312 14206 12866 640 1318 2109 19700081 129 760 1947 1432706 530 970 1884 8132243 451 1337 1630 19869860 484 775 1663 1749430 
36 4294967295 23667 20646 33753 9228 30786 27826 17303 15589 25034 12568 35069 7243 9008 32638 16706 448 936 2125 7266929 385 999 1582 8947842 658 1254 1743 17361811 147 825 1916 3483556 596 1354 1755 20482742 
36 4294967295 19827 21414 14553 29196 9282 24754 11927 6373 21194 33304 23549 35659 16688 19582 14402 368 1368 1643 20916849 401 807 1742 2842498 258 1082 1836 11722131 563 1417 1885 22647972 148 1190 1695 15245494 
36 4294967295 29811 24486 6105 29196 18498 33202 28823 35557 12746 16408 13565 17227 22064 9598 36674 576 874 1995 5103217 465 1415 1660 22485122 82 1366 2159 21280915 563 1033 1854 10183332 340 1016 1677 9534646 
36 4294967295 29811 16806 18393 26892 16194 23218 5015 4069 8906 24088 8189 19531 35888 9598 32834 576 1158 1565 14123377 305 1176 2079 15006082 338 1081 1580 11539091 515 874 1499 4745124 292 759 2142 1573558 
36 4294967295 28275 22182 15321 3084 13122 10930 6551 33253 30410 8728 4349 4939 16688 31102 21314 544 777 1485 1623665 417 856 1531 4248194 274 1367 1742 20984467 19 1322 1839 19494308 228 902 2028 6157494 
36 4294967295 29811 11430 32217 34572 21570 4018 18839 17893 25034 15640 14333 11083 3632 22654 34370 576 758 1787 1324657 193 1047 1916 10741890 626 1146 1470 13536659 675 905 2111 6222244 404 1000 1693 9028790 
36 4294967295 21363 17574 34521 3084 9282 26290 27287 11749 21194 29464 36605 13387 25136 5758 14402 400 919 1695 6436721 321 1288 1836 18462338 674 794 2157 2627987 19 1222 1963 16476068 148 953 1918 7630774 
36 4294967295 14451 22950 5337 20748 21570 27826 12695 35557 20426 7192 18173 11083 5168 8062 25922 256 905 1773 5973617 433 824 1820 3419010 66 842 1659 3816339 387 1415 1935 22679716 404 1254 1502 17184950 
36 4294967295 35187 34470 30681 3084 23106 17842 19607 36325 14282 17176 24317 20299 9776 6526 11330 688 1097 1631 12097649 673 1431 1901 23179650 594 1032 1598 9999507 19 1046 1803 10658468 436 810 1692 2808502 
36 4294967295 32883 8358 27609 23820 25410 30898 26519 4837 23498 4120 34301 31819 11312 14206 12866 640 1318 2109 19700081 129 760 1947 1432706 530 970 1884 8132243 451 1337 1630 19869860 484 775 1663 1749430 
36 4294967295 23667 20646 33753 9228 30786 27826 17303 15589 25034 12568 35069 7243 9008 32638 16706 448 936 2125 7266929 385 999 1582 8947842 658 1254 1743 17361811 147 825 1916 3483556 596 1354 1755 20482742 
36 4294967295 19827 21414 14553 29196 9282 24754 11927 6373 21194 33304 23549 35659 16688 19582 14402 368 1368 1643 20916849 401 807 1742 2842498 258 1082 1836 11722131 563 1417 1885 22647972 148 1190 1695 15245494 
