29 4294967295 5619 8196 1140 3213 1783 4466 12472 2480 10486 14183 4951 14705 117 369 738 148591 183 592 789 2262119 2 450 1052 995816 55 643 1038 2839959 
29 4294967295 1056 10224 11787 11325 5839 14099 6895 12620 4402 3536 7486 13184 0 473 765 1141804 235 515 1013 1601160 275 436 998 857912 263 500 1036 1487452 
29 4294967295 4605 1098 7731 12339 2290 3452 13993 8564 5416 7085 6472 3044 91 462 894 1065416 1 382 763 279411 171 489 856 1299171 289 682 753 3112218 
29 4294967295 5619 3126 10773 6762 1276 10550 4360 14141 6430 13169 2416 13691 117 385 945 344800 53 435 1012 859588 249 356 1037 132057 146 488 1026 1358167 
29 4294967295 4605 3126 8238 1692 12937 3959 13486 2987 6430 9620 10528 5579 91 669 818 3009254 53 593 751 2246740 184 488 921 1322155 16 655 776 2871393 
29 4294967295 4605 11745 2154 13860 6346 9029 12979 2987 9979 5564 3430 12677 91 411 1000 609116 274 486 906 1318761 28 579 751 2123215 328 656 817 2889138 
29 4294967295 9168 12759 11787 7776 10402 10043 5374 6536 4909 14690 7486 3551 208 449 766 898106 300 461 842 1049882 275 590 1051 2354576 172 515 932 1572966 
29 4294967295 7647 2112 9252 3213 1276 13592 11965 7550 14035 4043 10021 11156 169 683 961 3183662 27 356 868 69851 210 630 1023 2714208 55 580 778 2132694 
29 4294967295 6126 6675 11787 13353 5839 4466 12979 1466 8965 10634 8500 11663 130 473 789 1152620 144 656 712 2850239 275 541 974 1834394 315 553 947 1948991 
29 4294967295 12717 11238 6210 2199 9895 12071 14500 8057 6937 10634 13570 6086 299 577 831 2154114 261 501 984 1469171 132 695 881 3279006 29 671 947 3054082 
29 4294967295 5619 8196 1140 3213 1783 4466 12472 2480 10486 14183 4951 14705 117 369 738 148591 183 592 789 2262119 2 450 1052 995816 55 643 1038 2839959 
29 4294967295 1056 10224 11787 11325 5839 14099 6895 12620 4402 3536 7486 13184 0 473 765 1141804 235 515 1013 1601160 275 436 998 857912 263 500 1036 1487452 
29 4294967295 4605 1098 7731 12339 2290 3452 13993 8564 5416 7085 6472 3044 91 462 894 1065416 1 382 763 279411 171 489 856 1299171 289 682 753 3112218 
29 4294967295 5619 3126 10773 6762 1276 10550 4360 14141 6430 13169 2416 13691 117 385 945 344800 53 435 1012 859588 249 356 1037 132057 146 488 1026 1358167 
29 4294967295 4605 3126 8238 1692 12937 3959 13486 2987 6430 9620 10528 5579 91 669 818 3009254 53 593 751 2246740 184 488 921 1322155 16 655 776 2871393 
29 4294967295 4605 11745 2154 13860 6346 9029 12979 2987 9979 5564 3430 12677 91 411 1000 609116 274 486 906 1318761 28 579 751 2123215 328 656 817 2889138 
29 4294967295 9168 12759 11787 7776 10402 10043 5374 6536 4909 14690 7486 3551 208 449 766 898106 300 461 842 1049882 275 590 1051 2354576 172 515 932 1572966 
29 4294967295 7647 2112 9252 3213 1276 13592 11965 7550 14035 4043 10021 11156 169 683 961 3183662 27 356 868 69851 210 630 1023 2714208 55 580 778 2132694 
29 4294967295 6126 6675 11787 13353 5839 4466 12979 1466 8965 10634 8500 11663 130 473 789 1152620 144 656 712 2850239 275 541 974 1834394 315 553 947 1948991 
29 4294967295 12717 11238 6210 2199 9895 12071 14500 8057 6937 10634 13570 6086 299 577 831 2154114 261 501 984 1469171 132 695 881 3279006 29 671 947 3054082 
