57 4294967295 20928 82881 71709 9912 68115 25068 102021 66477 36652 20357 62980 16685 89308 24263 96886 9341 95089 93794 29542 75122 7120 13325 87823 33977 225 1689 3099 24309676 1051 2135 3647 57877827 902 2466 2770 80385353 78 2486 2969 82457254 854 2563 2823 87741655 280 1390 2917 2204806 1306 1784 2868 31322957 832 2587 3896 91014859 
57 4294967295 54678 36006 62334 94287 58740 26943 64521 28977 96652 10982 83605 87935 6808 13013 18136 104966 102589 41294 74542 71372 48370 52700 42823 39602 675 1537 3348 13723426 426 2584 2792 89519702 777 1940 3597 43223478 1203 2289 3818 69052879 729 1866 2819 36708530 305 2410 3174 77265431 806 2663 4045 96684207 332 1386 3196 2577359 
57 4294967295 17178 101631 71709 99912 62490 83193 6396 103977 61027 20357 40480 27935 44308 29888 98761 71216 21964 88169 65167 60122 91495 54575 42823 47102 175 1866 3018 36964676 1301 2109 3447 55791577 902 1835 3595 35936603 1278 1886 3373 39287254 779 2515 3274 84702280 1055 2612 3044 91695431 31 2164 3821 59911082 1332 1588 2917 16811109 
57 4294967295 20928 26631 101709 47412 75615 49443 6396 66477 46027 39107 70480 11060 8683 24263 96886 35591 72589 54419 42667 91997 55870 13325 25948 78977 225 2587 2793 89514676 301 1641 3167 20767827 1302 1411 3699 5099103 578 1864 2969 36907254 954 1909 3120 40764155 605 2235 3872 65460431 31 2040 3371 50191082 832 2263 2823 65871109 
57 4294967295 67803 11631 56709 101787 54990 10068 47646 58977 76027 87857 21730 31685 66808 91763 20011 63716 70714 101294 37042 43247 85870 75200 29698 99602 850 1691 3996 25540301 101 2238 3817 65380327 702 1789 3068 31577853 1303 1562 3222 15392879 679 2440 3974 80177280 80 1585 3869 18062306 581 2309 3648 70623582 732 2186 3495 61312359 
57 4294967295 17178 32256 66084 38037 28740 56943 30771 6477 89152 61607 4855 48560 14308 76763 104386 22466 68839 37544 12667 16997 20245 82700 54073 63977 175 2484 3748 83505926 376 1486 2872 9429702 827 2687 3146 97292228 453 2213 3467 63094129 329 1360 3293 889780 705 1464 3669 8695431 356 1565 2945 14997957 32 2016 3499 48537359 
57 4294967295 84678 32256 19209 66162 6240 47568 36396 64602 81652 24107 14230 74810 49933 95513 68761 26216 29464 61919 5167 56372 42745 41450 70948 52727 1075 1485 3919 10864676 376 1688 3471 24819702 202 1865 3643 37809103 828 2384 3349 75692254 29 1364 2967 443530 580 1961 2995 44231056 431 2212 3198 62722332 807 2241 3397 64824234 
57 4294967295 28428 92256 21084 4287 17490 98193 58896 64602 31027 35357 76105 52310 104308 67388 81886 43091 78214 11294 68917 41372 27745 33950 25948 9602 325 1709 2774 25695926 1176 2310 3117 69929702 227 2214 3544 63189728 3 1641 2796 20254129 179 2387 3197 75473530 1255 2338 3220 71889181 731 1665 3343 22837332 807 2686 3098 97224234 
57 4294967295 73428 56631 101709 21162 15615 68193 53271 66477 72277 31607 85480 65435 94933 78638 98761 37466 6964 28169 82042 60122 8995 35825 70948 33977 925 1415 3518 4853426 701 2241 3447 64889077 1302 2561 3145 88191603 228 2259 3694 67037254 154 2435 3021 78881655 855 2389 3099 75355431 656 1388 3067 2416707 832 2612 3123 91791109 
57 4294967295 97803 28506 67959 54912 69990 21318 27021 57102 40402 35357 46105 44810 49933 16763 96886 76841 66964 15044 104542 78872 38995 80825 12823 26477 1250 2188 3243 60987801 326 1961 3697 45169702 852 2587 3723 90779103 678 2689 2999 97086004 879 1466 3670 8699780 230 1910 2846 40374806 306 1834 2869 34942957 707 1815 3117 33467984 
57 4294967295 20928 82881 71709 9912 68115 25068 102021 66477 36652 20357 62980 16685 89308 24263 96886 9341 95089 93794 29542 75122 7120 13325 87823 33977 225 1689 3099 24309676 1051 2135 3647 57877827 902 2466 2770 80385353 78 2486 2969 82457254 854 2563 2823 87741655 280 1390 2917 2204806 1306 1784 2868 31322957 832 2587 3896 91014859 
57 4294967295 54678 36006 62334 94287 58740 26943 64521 28977 96652 10982 83605 87935 6808 13013 18136 104966 102589 41294 74542 71372 48370 52700 42823 39602 675 1537 3348 13723426 426 2584 2792 89519702 777 1940 3597 43223478 1203 2289 3818 69052879 729 1866 2819 36708530 305 2410 3174 77265431 806 2663 4045 96684207 332 1386 3196 2577359 
57 4294967295 17178 101631 71709 99912 62490 83193 6396 103977 61027 20357 40480 27935 44308 29888 98761 71216 21964 88169 65167 60122 91495 54575 42823 47102 175 1866 3018 36964676 1301 2109 3447 55791577 902 1835 3595 35936603 1278 1886 3373 39287254 779 2515 3274 84702280 1055 2612 3044 91695431 31 2164 3821 59911082 1332 1588 2917 16811109 
57 4294967295 20928 26631 101709 47412 75615 49443 6396 66477 46027 39107 70480 11060 8683 24263 96886 35591 72589 54419 42667 91997 55870 13325 25948 78977 225 2587 2793 89514676 301 1641 3167 20767827 1302 1411 3699 5099103 578 1864 2969 36907254 954 1909 3120 40764155 605 2235 3872 65460431 31 2040 3371 50191082 832 2263 2823 65871109 
57 4294967295 67803 11631 56709 101787 54990 10068 47646 58977 76027 87857 21730 31685 66808 91763 20011 63716 70714 101294 37042 43247 85870 75200 29698 99602 850 1691 3996 25540301 101 2238 3817 65380327 702 1789 3068 31577853 1303 1562 3222 15392879 679 2440 3974 80177280 80 1585 3869 18062306 581 2309 3648 70623582 732 2186 3495 61312359 
57 4294967295 17178 32256 66084 38037 28740 56943 30771 6477 89152 61607 4855 48560 14308 76763 104386 22466 68839 37544 12667 16997 20245 82700 54073 63977 175 2484 3748 83505926 376 1486 2872 9429702 827 2687 3146 97292228 453 2213 3467 63094129 329 1360 3293 889780 705 1464 3669 8695431 356 1565 2945 14997957 32 2016 3499 48537359 
57 4294967295 84678 32256 19209 66162 6240 47568 36396 64602 81652 24107 14230 74810 49933 95513 68761 26216 29464 61919 5167 56372 42745 41450 70948 52727 1075 1485 3919 10864676 376 1688 3471 24819702 202 1865 3643 37809103 828 2384 3349 75692254 29 1364 2967 443530 580 1961 2995 44231056 431 2212 3198 62722332 807 2241 3397 64824234 
57 4294967295 28428 92256 21084 4287 17490 98193 58896 64602 31027 35357 76105 52310 104308 67388 81886 43091 78214 11294 68917 41372 27745 33950 25948 9602 325 1709 2774 25695926 1176 2310 3117 69929702 227 2214 3544 63189728 3 1641 2796 20254129 179 2387 3197 75473530 1255 2338 3220 71889181 731 1665 3343 22837332 807 2686 3098 97224234 
57 4294967295 73428 56631 101709 21162 15615 68193 53271 66477 72277 31607 85480 65435 94933 78638 98761 37466 6964 28169 82042 60122 8995 35825 70948 33977 925 1415 3518 4853426 701 2241 3447 64889077 1302 2561 3145 88191603 228 2259 3694 67037254 154 2435 3021 78881655 855 2389 3099 75355431 656 1388 3067 2416707 832 2612 3123 91791109 
57 4294967295 97803 28506 67959 54912 69990 21318 27021 57102 40402 35357 46105 44810 49933 16763 96886 76841 66964 15044 104542 78872 38995 80825 12823 26477 1250 2188 3243 60987801 326 1961 3697 45169702 852 2587 3723 90779103 678 2689 2999 97086004 879 1466 3670 8699780 230 1910 2846 40374806 306 1834 2869 34942957 707 1815 3117 33467984 
