15 4294967295 1872 1458 1066 4340 943 3614 63 200 510 96538 43 206 544 135894 
15 4294967295 1872 723 4006 959 3589 2879 63 326 475 686400 8 346 383 768827 
15 4294967295 3342 2193 4300 812 4030 2585 133 360 376 834674 78 347 461 783331 
15 4294967295 4224 3222 2095 3017 3148 2879 175 255 481 357218 127 305 475 587478 
15 4294967295 4077 2046 2389 1694 649 2732 168 186 468 23381 71 269 418 411274 
15 4294967295 2460 2781 3712 3458 2119 2291 91 256 502 360452 106 332 447 714731 
15 4294967295 2166 1311 3859 812 3001 4349 77 339 376 734910 36 298 545 566457 
15 4294967295 3636 3369 772 3605 1972 3908 147 249 509 328994 134 192 524 66461 
15 4294967295 3048 870 1066 2135 3295 3908 119 206 439 117314 15 312 524 628736 
15 4294967295 549 1605 2242 1547 1384 2732 0 262 411 376377 50 221 468 188177 
15 4294967295 1872 1458 1066 4340 943 3614 63 200 510 96538 43 206 544 135894 
15 4294967295 1872 723 4006 959 3589 2879 63 326 475 686400 8 346 383 768827 
15 4294967295 3342 2193 4300 812 4030 2585 133 360 376 834674 78 347 461 783331 
15 4294967295 4224 3222 2095 3017 3148 2879 175 255 481 357218 127 305 475 587478 
15 4294967295 4077 2046 2389 1694 649 2732 168 186 468 23381 71 269 418 411274 
15 4294967295 2460 2781 3712 3458 2119 2291 91 256 502 360452 106 332 447 714731 
15 4294967295 2166 1311 3859 812 3001 4349 77 339 376 734910 36 298 545 566457 
15 4294967295 3636 3369 772 3605 1972 3908 147 249 509 328994 134 192 524 66461 
15 4294967295 3048 870 1066 2135 3295 3908 119 206 439 117314 15 312 524 628736 
15 4294967295 549 1605 2242 1547 1384 2732 0 262 411 376377 50 221 468 188177 
