50 4294967295 78411 42180 56769 87330 88851 62784 36720 28162 80879 39847 98372 84928 83921 12397 18650 13918 60827 73519 91388 54712 72536 1122 2499 4109 100940137 573 2672 4063 117730604 794 1812 4222 35735219 1257 1989 3120 51014638 1280 2214 3759 73024561 885 1573 4328 12705600 490 1596 3937 14230224 
50 4294967295 17427 87192 95973 49578 22059 46812 84636 26710 43127 35491 98372 74764 60689 15301 41882 44410 69539 61903 56540 16960 13004 198 1790 3035 31888825 1255 2323 3491 83182200 1388 1642 3757 18211031 685 2518 3891 102719390 268 1923 3694 45498513 643 1617 3472 15671068 1216 2058 4328 59095572 
50 4294967295 31947 43632 39345 71358 69975 25032 23652 73174 43127 57271 67880 66052 65045 16753 23006 86518 46307 47383 52184 95368 36236 418 2386 3186 89041481 595 2494 3491 100034112 530 2103 3387 61923491 1015 2696 3539 119081978 994 1639 3628 18010701 313 2253 3823 77315728 292 2830 3866 132195060 
50 4294967295 26139 68316 55317 96042 14799 7608 6228 64462 25703 4999 53360 41368 33101 77737 82538 54574 92771 80779 10076 88108 40592 330 2012 3339 53421985 969 2362 2990 86657804 772 2563 3227 105979591 1389 1461 4088 1823782 158 2609 3453 110502133 49 2720 4243 122191240 28 2212 3646 72837300 
50 4294967295 53727 47988 20469 71358 88851 6156 58500 7834 64907 26779 51908 13780 50525 45793 73826 87970 68087 41575 30404 31480 100124 748 2079 3956 60650525 661 1594 3298 13307604 244 2718 3624 121301095 1015 1504 3869 5712722 1280 2015 3821 54145657 27 1862 4355 40126620 820 1791 3603 32733060 
50 4294967295 5811 91548 93069 68454 64167 11964 59952 71722 56195 9355 33032 31204 43265 41437 91250 99586 37595 74971 30404 24220 55112 22 1527 3493 7256129 1321 1858 3673 39164820 1344 2894 3407 137872287 971 2521 3689 102438186 906 2013 3338 53434661 115 2472 4220 98969404 842 1752 3298 28069720 
50 4294967295 14523 56700 71289 69906 45291 10512 86088 65914 8279 90667 64976 83476 34553 55957 27362 87970 78251 99655 75416 85204 17360 154 2384 3822 89962049 793 2718 3980 121824276 1014 2650 3361 114609795 993 2676 4023 117675958 620 2233 2963 73968361 93 2759 3252 124971336 1238 2895 3101 137422744 
50 4294967295 58083 84288 17565 45222 61263 74400 83184 78982 54743 55819 69332 41368 31649 38533 14294 40054 10007 90943 73964 48904 88508 814 2763 3667 125594129 1211 1969 3317 49192816 200 2582 4179 109448903 619 2012 3888 54226946 862 1992 3958 52219821 1061 2231 2989 74010008 1194 2126 3054 63567248 
50 4294967295 14523 95904 66933 19086 10443 26484 62856 47038 53291 4999 85304 86380 81017 50149 66566 9562 65183 98203 36212 79396 18812 154 2588 4130 109384001 1387 2694 3386 118866552 948 1461 3645 1175199 223 1530 3123 6717506 92 2145 4065 67120729 335 2098 3825 62558084 886 2873 3846 136392792 
50 4294967295 42111 72672 40797 53934 85947 14868 39624 76078 64907 47107 25772 80572 12773 55957 59306 32794 98579 27055 52184 44548 36236 572 1882 3031 40330269 1035 1795 3387 32418344 552 2538 3736 104601159 751 2099 4331 63301946 1236 2606 3228 110206409 159 2233 3821 75204036 534 2060 3628 58058360 
50 4294967295 78411 42180 56769 87330 88851 62784 36720 28162 80879 39847 98372 84928 83921 12397 18650 13918 60827 73519 91388 54712 72536 1122 2499 4109 100940137 573 2672 4063 117730604 794 1812 4222 35735219 1257 1989 3120 51014638 1280 2214 3759 73024561 885 1573 4328 12705600 490 1596 3937 14230224 
50 4294967295 17427 87192 95973 49578 22059 46812 84636 26710 43127 35491 98372 74764 60689 15301 41882 44410 69539 61903 56540 16960 13004 198 1790 3035 31888825 1255 2323 3491 83182200 1388 1642 3757 18211031 685 2518 3891 102719390 268 1923 3694 45498513 643 1617 3472 15671068 1216 2058 4328 59095572 
50 4294967295 31947 43632 39345 71358 69975 25032 23652 73174 43127 57271 67880 66052 65045 16753 23006 86518 46307 47383 52184 95368 36236 418 2386 3186 89041481 595 2494 3491 100034112 530 2103 3387 61923491 1015 2696 3539 119081978 994 1639 3628 18010701 313 2253 3823 77315728 292 2830 3866 132195060 
50 4294967295 26139 68316 55317 96042 14799 7608 6228 64462 25703 4999 53360 41368 33101 77737 82538 54574 92771 80779 10076 88108 40592 330 2012 3339 53421985 969 2362 2990 86657804 772 2563 3227 105979591 1389 1461 4088 1823782 158 2609 3453 110502133 49 2720 4243 122191240 28 2212 3646 72837300 
50 4294967295 53727 47988 20469 71358 88851 6156 58500 7834 64907 26779 51908 13780 50525 45793 73826 87970 68087 41575 30404 31480 100124 748 2079 3956 60650525 661 1594 3298 13307604 244 2718 3624 121301095 1015 1504 3869 5712722 1280 2015 3821 54145657 27 1862 4355 40126620 820 1791 3603 32733060 
50 4294967295 5811 91548 93069 68454 64167 11964 59952 71722 56195 9355 33032 31204 43265 41437 91250 99586 37595 74971 30404 24220 55112 22 1527 3493 7256129 1321 1858 3673 39164820 1344 2894 3407 137872287 971 2521 3689 102438186 906 2013 3338 53434661 115 2472 4220 98969404 842 1752 3298 28069720 
50 4294967295 14523 56700 71289 69906 45291 10512 86088 65914 8279 90667 64976 83476 34553 55957 27362 87970 78251 99655 75416 85204 17360 154 2384 3822 89962049 793 2718 3980 121824276 1014 2650 3361 114609795 993 2676 4023 117675958 620 2233 2963 73968361 93 2759 3252 124971336 1238 2895 3101 137422744 
50 4294967295 58083 84288 17565 45222 61263 74400 83184 78982 54743 55819 69332 41368 31649 38533 14294 40054 10007 90943 73964 48904 88508 814 2763 3667 125594129 1211 1969 3317 49192816 200 2582 4179 109448903 619 2012 3888 54226946 862 1992 3958 52219821 1061 2231 2989 74010008 1194 2126 3054 63567248 
50 4294967295 14523 95904 66933 19086 10443 26484 62856 47038 53291 4999 85304 86380 81017 50149 66566 9562 65183 98203 36212 79396 18812 154 2588 4130 109384001 1387 2694 3386 118866552 948 1461 3645 1175199 223 1530 3123 6717506 92 2145 4065 67120729 335 2098 3825 62558084 886 2873 3846 136392792 
50 4294967295 42111 72672 40797 53934 85947 14868 39624 76078 64907 47107 25772 80572 12773 55957 59306 32794 98579 27055 52184 44548 36236 572 1882 3031 40330269 1035 1795 3387 32418344 552 2538 3736 104601159 751 2099 4331 63301946 1236 2606 3228 110206409 159 2233 3821 75204036 534 2060 3628 58058360 
