22 4294967295 3573 5106 942 7612 3497 8245 6230 7378 8642 90 514 839 1933171 141 506 667 1800282 2 535 758 2077294 
22 4294967295 5973 9306 2742 7012 1697 1045 3830 6778 2042 170 494 607 1699071 281 295 678 38482 62 486 619 1616794 
22 4294967295 1773 1506 7542 7312 3197 2245 6830 5578 4742 30 446 657 1291671 21 504 709 1810682 222 335 778 403294 
22 4294967295 7773 2106 5142 6112 4397 1645 3530 9178 6542 230 315 668 203271 41 464 769 1491882 142 566 697 2313594 
22 4294967295 5973 4506 1542 4912 1397 8245 5330 6478 4442 170 424 728 1145171 121 476 699 1556482 22 535 597 2031094 
22 4294967295 4473 3906 6342 1612 5597 2545 9530 7678 2342 120 516 629 1872571 101 345 868 512282 182 314 737 223094 
22 4294967295 8673 3906 1542 5512 1397 5245 4430 9478 3242 260 435 659 1209871 101 444 597 1274982 22 576 698 2396494 
22 4294967295 3273 4806 2142 8812 3197 7345 2030 1378 1142 80 306 589 94471 131 505 657 1797282 42 554 618 2205294 
22 4294967295 2973 6006 7542 5812 2897 6445 5330 9178 2342 70 566 629 2292571 171 475 728 1565682 222 454 647 1374794 
22 4294967295 7473 8406 2742 1612 3797 4645 1130 2578 2042 220 314 677 206071 251 346 619 441282 62 415 588 1019394 
22 4294967295 3573 5106 942 7612 3497 8245 6230 7378 8642 90 514 839 1933171 141 506 667 1800282 2 535 758 2077294 
22 4294967295 5973 9306 2742 7012 1697 1045 3830 6778 2042 170 494 607 1699071 281 295 678 38482 62 486 619 1616794 
22 4294967295 1773 1506 7542 7312 3197 2245 6830 5578 4742 30 446 657 1291671 21 504 709 1810682 222 335 778 403294 
22 4294967295 7773 2106 5142 6112 4397 1645 3530 9178 6542 230 315 668 203271 41 464 769 1491882 142 566 697 2313594 
22 4294967295 5973 4506 1542 4912 1397 8245 5330 6478 4442 170 424 728 1145171 121 476 699 1556482 22 535 597 2031094 
22 4294967295 4473 3906 6342 1612 5597 2545 9530 7678 2342 120 516 629 1872571 101 345 868 512282 182 314 737 223094 
22 4294967295 8673 3906 1542 5512 1397 5245 4430 9478 3242 260 435 659 1209871 101 444 597 1274982 22 576 698 2396494 
22 4294967295 3273 4806 2142 8812 3197 7345 2030 1378 1142 80 306 589 94471 131 505 657 1797282 42 554 618 2205294 
22 4294967295 2973 6006 7542 5812 2897 6445 5330 9178 2342 70 566 629 2292571 171 475 728 1565682 222 454 647 1374794 
22 4294967295 7473 8406 2742 1612 3797 4645 1130 2578 2042 220 314 677 206071 251 346 619 441282 62 415 588 1019394 
