64 4294967295 52923 31842 90729 17904 86199 67470 62853 88812 20694 77338 23975 100945 52286 96328 57077 82303 5420 70630 73715 66013 38522 49636 99761 59131 36344 12178 81062 588 2280 2989 54779257 337 1974 3275 39888774 1038 1919 2768 36549747 171 2054 3187 43934272 984 1278 2374 4278797 761 1837 2595 32195498 706 2113 3497 47077415 1015 1724 2932 27065844 204 2335 2742 57238114 
64 4294967295 52923 62418 76617 46128 10935 18078 13461 25308 81846 70282 99239 93889 45230 21064 75893 89359 33644 65926 7859 40141 62042 68452 43313 30907 102200 73330 29318 588 2197 3526 51255961 701 2251 2710 53070166 870 2006 2403 40265907 507 1501 2825 15856096 88 1970 3491 40145229 173 1918 2848 36624314 118 1948 3048 38236247 259 1611 3213 21842052 932 1384 2659 10138530 
64 4294967295 34107 69474 81321 50832 60327 20430 6405 74700 44214 96154 66311 49201 33470 68104 78245 39967 47756 89446 99587 84829 59690 91972 19793 28555 24584 87442 10502 364 1473 2878 14534969 785 1944 2708 37859782 926 2198 3241 50936147 563 1609 2602 21126144 676 2174 3099 49381533 201 2143 3495 48446250 34 2228 2435 51339239 847 2278 2545 54259668 484 1719 3020 27149762 
64 4294967295 24699 57714 8409 43776 39159 41598 6405 48828 63030 89098 38087 18625 75806 77512 82949 47023 85388 72982 5507 80125 69098 33172 15089 66187 102200 21586 57542 252 1528 2995 17429497 645 1921 2763 36538742 58 2194 2375 49891075 479 1693 3212 25997136 424 1390 3326 10914573 453 2056 3297 44073882 34 2087 2489 44490215 539 2002 3526 41573764 708 1355 3132 9309058 
64 4294967295 41163 69474 71913 97872 95607 11022 27573 79404 60678 20890 38087 13921 87566 91624 52373 94063 68924 40054 50195 75421 85562 44932 36257 59131 26936 7474 48134 448 2224 2763 51745961 785 1222 2933 2165830 814 2253 3328 53797747 1123 1837 3352 33094688 1096 2031 2630 41918637 89 1668 3130 24504458 286 1299 2883 6234935 903 1610 2741 21300308 680 1382 2907 10427826 
64 4294967295 5883 50658 71913 76704 34455 41598 36981 55884 8934 93802 59255 63313 96974 98680 26501 79951 85388 14182 61955 18973 5594 28468 12737 30907 48104 21586 66950 28 2250 3107 53512313 561 1359 3047 9206150 814 2085 2376 44380339 871 1887 3326 35820656 368 1390 2461 9892237 453 2308 3015 56191386 398 1302 3464 6929559 623 1501 2882 15925204 64 1472 2625 14230226 
64 4294967295 62331 95346 50745 34368 15639 98046 74613 13548 27750 100858 66311 82129 78158 86920 42965 47023 5420 44758 54899 61309 38522 9652 12737 49723 81032 70978 41078 700 2334 3274 57877625 1093 2168 3240 49557846 562 1693 2461 25110403 367 1978 2374 38835920 144 1725 2821 26909741 1125 1666 2963 24335898 846 1248 3099 3748087 119 2111 2768 46204852 288 1863 2799 33795730 
64 4294967295 76443 90642 24873 95520 53271 15726 69909 13548 34806 30298 23975 72721 21710 101032 57077 98767 47756 61222 45491 68365 5594 94324 59777 9739 64568 87442 8150 868 2256 3021 53437049 1037 2309 2568 55680886 254 1862 2407 33333779 1095 1494 2376 15345712 592 1947 2595 37722669 145 1249 2989 3596746 790 1999 2878 40823447 119 2174 2851 49069588 372 2336 3078 57637954 
64 4294967295 48219 50658 88377 39072 8583 98046 4053 32364 46566 63226 96887 86833 45230 79864 92357 65839 68924 30646 61955 21325 54986 77860 38609 14443 36344 23938 43430 532 2167 2769 48982361 561 1917 3409 37293734 1010 2060 3047 43793123 423 1498 2742 15754960 60 1886 2964 35369885 1125 1387 2827 10341498 6 1418 3130 12055351 343 2084 2848 44926932 512 1305 3463 6932754 
64 4294967295 50571 90642 64857 8496 3879 81582 34629 22956 25398 39706 96887 75073 21710 28120 42965 37615 19532 87094 101939 47197 78506 80212 55073 7387 12824 45106 50486 560 1606 2462 20961417 1037 1670 2542 23839510 730 1221 3244 2526499 59 1468 2568 14164224 4 2088 3463 45641853 929 2027 2911 42243242 370 1695 2965 25697735 231 2170 2821 49039796 260 1581 3523 20821314 
64 4294967295 52923 31842 90729 17904 86199 67470 62853 88812 20694 77338 23975 100945 52286 96328 57077 82303 5420 70630 73715 66013 38522 49636 99761 59131 36344 12178 81062 588 2280 2989 54779257 337 1974 3275 39888774 1038 1919 2768 36549747 171 2054 3187 43934272 984 1278 2374 4278797 761 1837 2595 32195498 706 2113 3497 47077415 1015 1724 2932 27065844 204 2335 2742 57238114 
64 4294967295 52923 62418 76617 46128 10935 18078 13461 25308 81846 70282 99239 93889 45230 21064 75893 89359 33644 65926 7859 40141 62042 68452 43313 30907 102200 73330 29318 588 2197 3526 51255961 701 2251 2710 53070166 870 2006 2403 40265907 507 1501 2825 15856096 88 1970 3491 40145229 173 1918 2848 36624314 118 1948 3048 38236247 259 1611 3213 21842052 932 1384 2659 10138530 
64 4294967295 34107 69474 81321 50832 60327 20430 6405 74700 44214 96154 66311 49201 33470 68104 78245 39967 47756 89446 99587 84829 59690 91972 19793 28555 24584 87442 10502 364 1473 2878 14534969 785 1944 2708 37859782 926 2198 3241 50936147 563 1609 2602 21126144 676 2174 3099 49381533 201 2143 3495 48446250 34 2228 2435 51339239 847 2278 2545 54259668 484 1719 3020 27149762 
64 4294967295 24699 57714 8409 43776 39159 41598 6405 48828 63030 89098 38087 18625 75806 77512 82949 47023 85388 72982 5507 80125 69098 33172 15089 66187 102200 21586 57542 252 1528 2995 17429497 645 1921 2763 36538742 58 2194 2375 49891075 479 1693 3212 25997136 424 1390 3326 10914573 453 2056 3297 44073882 34 2087 2489 44490215 539 2002 3526 41573764 708 1355 3132 9309058 
64 4294967295 41163 69474 71913 97872 95607 11022 27573 79404 60678 20890 38087 13921 87566 91624 52373 94063 68924 40054 50195 75421 85562 44932 36257 59131 26936 7474 48134 448 2224 2763 51745961 785 1222 2933 2165830 814 2253 3328 53797747 1123 1837 3352 33094688 1096 2031 2630 41918637 89 1668 3130 24504458 286 1299 2883 6234935 903 1610 2741 21300308 680 1382 2907 10427826 
64 4294967295 5883 50658 71913 76704 34455 41598 36981 55884 8934 93802 59255 63313 96974 98680 26501 79951 85388 14182 61955 18973 5594 28468 12737 30907 48104 21586 66950 28 2250 3107 53512313 561 1359 3047 9206150 814 2085 2376 44380339 871 1887 3326 35820656 368 1390 2461 9892237 453 2308 3015 56191386 398 1302 3464 6929559 623 1501 2882 15925204 64 1472 2625 14230226 
64 4294967295 62331 95346 50745 34368 15639 98046 74613 13548 27750 100858 66311 82129 78158 86920 42965 47023 5420 44758 54899 61309 38522 9652 12737 49723 81032 70978 41078 700 2334 3274 57877625 1093 2168 3240 49557846 562 1693 2461 25110403 367 1978 2374 38835920 144 1725 2821 26909741 1125 1666 2963 24335898 846 1248 3099 3748087 119 2111 2768 46204852 288 1863 2799 33795730 
64 4294967295 76443 90642 24873 95520 53271 15726 69909 13548 34806 30298 23975 72721 21710 101032 57077 98767 47756 61222 45491 68365 5594 94324 59777 9739 64568 87442 8150 868 2256 3021 53437049 1037 2309 2568 55680886 254 1862 2407 33333779 1095 1494 2376 15345712 592 1947 2595 37722669 145 1249 2989 3596746 790 1999 2878 40823447 119 2174 2851 49069588 372 2336 3078 57637954 
64 4294967295 48219 50658 88377 39072 8583 98046 4053 32364 46566 63226 96887 86833 45230 79864 92357 65839 68924 30646 61955 21325 54986 77860 38609 14443 36344 23938 43430 532 2167 2769 48982361 561 1917 3409 37293734 1010 2060 3047 43793123 423 1498 2742 15754960 60 1886 2964 35369885 1125 1387 2827 10341498 6 1418 3130 12055351 343 2084 2848 44926932 512 1305 3463 6932754 
64 4294967295 50571 90642 64857 8496 3879 81582 34629 22956 25398 39706 96887 75073 21710 28120 42965 37615 19532 87094 101939 47197 78506 80212 55073 7387 12824 45106 50486 560 1606 2462 20961417 1037 1670 2542 23839510 730 1221 3244 2526499 59 1468 2568 14164224 4 2088 3463 45641853 929 2027 2911 42243242 370 1695 2965 25697735 231 2170 2821 49039796 260 1581 3523 20821314 
