71 4294967295 93096 41298 110586 61671 27171 102225 56193 18810 33321 65133 88414 97970 82840 52031 36808 14648 91681 60872 45649 17723 117820 32234 22777 75575 109363 12245 40267 87272 76978 54779 961 1690 3094 22405592 404 2027 2597 38686886 1149 1595 2630 17222022 623 1632 2999 19204597 252 2150 3252 45639817 1059 1444 3378 10453795 564 2375 3029 56143611 162 2185 3493 47482150 318 2090 2786 41990067 660 2466 2571 60182791 
71 4294967295 35436 15351 64458 104916 27171 70512 50427 93768 39087 73782 85531 20129 68425 49148 100234 83840 34021 78170 25468 104213 14032 61064 109267 64043 22873 58373 5671 118985 10669 43247 341 1350 3341 5780292 125 1565 2968 16075517 653 1473 3096 11632846 1088 2277 3128 51662372 252 2119 2656 43371857 718 2374 2905 55994624 502 1935 3719 35460969 968 1260 3280 1110056 380 1314 3560 4512989 753 1445 3067 10059914 
71 4294967295 29670 81660 73107 53022 90597 87810 18714 41874 33321 65133 68233 103736 71308 60680 48340 52127 36904 17627 114841 6191 25564 14936 109267 58277 97831 64139 118108 95921 100042 77843 279 2251 3129 50099690 838 2374 3471 56690260 746 2275 2629 51036729 530 1719 3277 24160474 934 1596 3555 18368559 904 1966 2506 35511870 161 2434 3000 59167878 410 2469 3092 60828518 318 1474 2600 11007427 660 1933 3066 34658631 
71 4294967295 6606 93192 24096 87618 105012 30150 33129 73587 16023 59367 19222 37427 71308 40499 77170 63659 111862 101234 45649 55202 91873 58181 109267 118820 43054 98735 51799 6548 22201 28832 31 1966 2750 35792322 962 2029 2875 39050144 219 2402 3124 57785832 902 1756 3033 25402086 1089 1690 3065 22371124 284 1406 2510 7815850 316 1662 3717 21616803 751 2187 2842 46693169 132 2374 3501 56706821 598 1438 3528 10631709 
71 4294967295 3723 18234 24096 38607 79065 64746 53310 10161 88098 82431 45169 34544 59776 69329 48340 31946 111862 98351 106192 52319 22681 95660 14128 75575 115129 58373 118108 38261 85627 109556 0 1443 2783 9690601 156 2402 3067 57706998 219 2120 3252 44101192 375 1351 3002 5358509 810 1719 3618 24591995 656 1842 2811 29738182 533 2341 3497 55181650 69 1685 3185 22493267 907 2437 3468 59767606 846 2469 2851 60534517 
71 4294967295 93096 24000 99054 32841 107895 12852 27363 21693 50619 79548 105712 48959 74191 86627 97351 104021 88798 118532 60064 78266 83224 17819 112150 6383 54586 46841 11437 69974 19318 8651 961 1786 3371 27364352 218 2405 3281 57978000 1025 2094 2966 42242618 313 1997 3714 38530307 1120 1407 2943 8379925 98 1322 3558 4504244 254 1845 3192 30187001 193 2154 2533 44753871 504 2246 2508 49337873 815 2336 2631 54114076 
71 4294967295 12372 107607 70224 27075 116544 113757 4299 76470 82332 53601 48052 95087 19414 46265 59872 69425 85915 43574 65830 98447 22681 12053 91969 107288 37288 9362 112342 58442 51031 103790 93 2188 3186 47095604 1117 1600 2540 17105709 715 1408 2569 7906088 251 1748 3068 25420345 1213 2407 3498 58277928 1183 1907 3556 33752279 6 1843 2937 29871793 782 2123 3462 44387730 845 1716 2908 23708964 536 1443 3593 10706667 
71 4294967295 75798 47064 73107 84735 27171 12852 56193 44757 90981 70899 24988 51842 117436 106808 31042 98255 108979 37808 60064 23489 54394 20702 63139 113054 69001 12245 103693 18080 94276 89375 775 1878 2662 31087266 466 1533 3588 15317288 746 1784 2634 26435129 871 1845 2997 29975485 252 1941 3496 35184137 98 2462 2571 60165364 564 2314 3401 53529691 441 2213 2692 48028959 938 1468 3655 12333607 722 2371 2846 55917873 
71 4294967295 70032 32649 107703 4011 24288 41682 36012 44757 67917 117027 13456 60491 100138 8786 48340 40595 97447 29159 22585 11957 57277 104309 115033 107288 112246 90086 17203 67091 82744 20183 713 1384 3090 7021904 311 2276 2753 51177003 1118 2089 2568 41745781 3 1719 3161 23990377 221 1344 3408 5853456 408 2406 3561 58329854 347 1442 2657 9547604 441 2436 2534 58599959 690 2247 3593 50689039 1218 1815 2876 28294889 
71 4294967295 26787 64362 104820 90501 67533 102225 93672 47640 62151 36303 56701 77789 13648 86627 10861 72308 5191 83936 100426 46553 42862 9170 89086 110171 54586 20894 115225 61325 30850 98024 248 2157 2664 44909329 652 1346 3276 5713054 1087 1660 3342 21179420 933 1531 3217 14870487 686 1255 2538 178751 1059 2438 3494 59810755 967 2279 3624 52273664 472 1316 3099 3939240 628 1786 3371 27354037 350 1809 2940 28344861 
71 4294967295 93096 41298 110586 61671 27171 102225 56193 18810 33321 65133 88414 97970 82840 52031 36808 14648 91681 60872 45649 17723 117820 32234 22777 75575 109363 12245 40267 87272 76978 54779 961 1690 3094 22405592 404 2027 2597 38686886 1149 1595 2630 17222022 623 1632 2999 19204597 252 2150 3252 45639817 1059 1444 3378 10453795 564 2375 3029 56143611 162 2185 3493 47482150 318 2090 2786 41990067 660 2466 2571 60182791 
71 4294967295 35436 15351 64458 104916 27171 70512 50427 93768 39087 73782 85531 20129 68425 49148 100234 83840 34021 78170 25468 104213 14032 61064 109267 64043 22873 58373 5671 118985 10669 43247 341 1350 3341 5780292 125 1565 2968 16075517 653 1473 3096 11632846 1088 2277 3128 51662372 252 2119 2656 43371857 718 2374 2905 55994624 502 1935 3719 35460969 968 1260 3280 1110056 380 1314 3560 4512989 753 1445 3067 10059914 
71 4294967295 29670 81660 73107 53022 90597 87810 18714 41874 33321 65133 68233 103736 71308 60680 48340 52127 36904 17627 114841 6191 25564 14936 109267 58277 97831 64139 118108 95921 100042 77843 279 2251 3129 50099690 838 2374 3471 56690260 746 2275 2629 51036729 530 1719 3277 24160474 934 1596 3555 18368559 904 1966 2506 35511870 161 2434 3000 59167878 410 2469 3092 60828518 318 1474 2600 11007427 660 1933 3066 34658631 
71 4294967295 6606 93192 24096 87618 105012 30150 33129 73587 16023 59367 19222 37427 71308 40499 77170 63659 111862 101234 45649 55202 91873 58181 109267 118820 43054 98735 51799 6548 22201 28832 31 1966 2750 35792322 962 2029 2875 39050144 219 2402 3124 57785832 902 1756 3033 25402086 1089 1690 3065 22371124 284 1406 2510 7815850 316 1662 3717 21616803 751 2187 2842 46693169 132 2374 3501 56706821 598 1438 3528 10631709 
71 4294967295 3723 18234 24096 38607 79065 64746 53310 10161 88098 82431 45169 34544 59776 69329 48340 31946 111862 98351 106192 52319 22681 95660 14128 75575 115129 58373 118108 38261 85627 109556 0 1443 2783 9690601 156 2402 3067 57706998 219 2120 3252 44101192 375 1351 3002 5358509 810 1719 3618 24591995 656 1842 2811 29738182 533 2341 3497 55181650 69 1685 3185 22493267 907 2437 3468 59767606 846 2469 2851 60534517 
71 4294967295 93096 24000 99054 32841 107895 12852 27363 21693 50619 79548 105712 48959 74191 86627 97351 104021 88798 118532 60064 78266 83224 17819 112150 6383 54586 46841 11437 69974 19318 8651 961 1786 3371 27364352 218 2405 3281 57978000 1025 2094 2966 42242618 313 1997 3714 38530307 1120 1407 2943 8379925 98 1322 3558 4504244 254 1845 3192 30187001 193 2154 2533 44753871 504 2246 2508 49337873 815 2336 2631 54114076 
71 4294967295 12372 107607 70224 27075 116544 113757 4299 76470 82332 53601 48052 95087 19414 46265 59872 69425 85915 43574 65830 98447 22681 12053 91969 107288 37288 9362 112342 58442 51031 103790 93 2188 3186 47095604 1117 1600 2540 17105709 715 1408 2569 7906088 251 1748 3068 25420345 1213 2407 3498 58277928 1183 1907 3556 33752279 6 1843 2937 29871793 782 2123 3462 44387730 845 1716 2908 23708964 536 1443 3593 10706667 
71 4294967295 75798 47064 73107 84735 27171 12852 56193 44757 90981 70899 24988 51842 117436 106808 31042 98255 108979 37808 60064 23489 54394 20702 63139 113054 69001 12245 103693 18080 94276 89375 775 1878 2662 31087266 466 1533 3588 15317288 746 1784 2634 26435129 871 1845 2997 29975485 252 1941 3496 35184137 98 2462 2571 60165364 564 2314 3401 53529691 441 2213 2692 48028959 938 1468 3655 12333607 722 2371 2846 55917873 
71 4294967295 70032 32649 107703 4011 24288 41682 36012 44757 67917 117027 13456 60491 100138 8786 48340 40595 97447 29159 22585 11957 57277 104309 115033 107288 112246 90086 17203 67091 82744 20183 713 1384 3090 7021904 311 2276 2753 51177003 1118 2089 2568 41745781 3 1719 3161 23990377 221 1344 3408 5853456 408 2406 3561 58329854 347 1442 2657 9547604 441 2436 2534 58599959 690 2247 3593 50689039 1218 1815 2876 28294889 
71 4294967295 26787 64362 104820 90501 67533 102225 93672 47640 62151 36303 56701 77789 13648 86627 10861 72308 5191 83936 100426 46553 42862 9170 89086 110171 54586 20894 115225 61325 30850 98024 248 2157 2664 44909329 652 1346 3276 5713054 1087 1660 3342 21179420 933 1531 3217 14870487 686 1255 2538 178751 1059 2438 3494 59810755 967 2279 3624 52273664 472 1316 3099 3939240 628 1786 3371 27354037 350 1809 2940 28344861 
