43 4294967295 10776 8670 4398 17454 13182 2415 18793 10457 14521 17015 15664 7328 12475 4139 1705 20444 6097 8552 171 578 1024 1537804 134 542 849 1244692 59 653 964 1984040 288 353 794 58486 213 430 816 531416 24 598 738 1554511 
43 4294967295 10776 9753 17394 4458 16431 3498 6880 8291 9106 12683 18913 2996 5977 16052 1705 20444 14761 13967 171 428 1024 602092 153 483 947 926651 287 444 811 649784 60 655 718 1899586 270 353 888 90635 43 582 911 1496390 
43 4294967295 8610 9753 10896 2292 14265 13245 3631 1793 12355 18098 15664 6245 18973 20384 16867 8531 5014 7469 133 387 797 289466 153 598 775 1569953 173 656 815 1934222 22 619 697 1658438 232 411 1023 486291 214 540 983 1291703 
43 4294967295 10776 15168 3315 17454 13182 9996 2548 19121 6940 14849 8083 17075 4894 6305 1705 12863 20176 9635 171 409 965 465634 248 677 1001 2117590 40 353 891 86263 288 368 776 168952 213 445 835 654878 157 465 926 803270 
43 4294967295 18357 15168 13062 2292 17514 6747 14461 3959 4774 1853 10249 17075 8143 12803 11452 9614 20176 6386 304 577 965 1520837 248 466 735 740014 211 407 890 440404 22 677 834 2054816 289 503 778 987720 100 524 698 1075103 
43 4294967295 8610 11919 15228 18537 7767 14328 1465 10457 5857 13766 2668 5162 16807 20384 17950 11780 7180 4220 133 370 849 191996 191 426 740 505003 249 449 872 668556 307 638 1023 1891283 118 349 907 94245 233 618 756 1681944 
43 4294967295 8610 7587 16311 5541 19680 14328 3631 19121 15604 18098 10249 7328 13558 12803 1705 5282 2848 11801 133 373 794 172502 115 353 758 42201 268 561 890 1377199 79 387 1001 359921 327 597 873 1605752 233 503 983 1058136 
43 4294967295 15108 2172 11979 5541 7767 1332 4714 7208 18853 10517 17830 11660 20056 14969 13618 17195 9346 4220 247 562 850 1363802 20 487 928 917626 192 406 792 407553 79 654 967 1984421 118 636 870 1835709 5 675 740 2022006 
43 4294967295 2112 5421 14145 13122 12099 17577 1465 19121 9106 8351 16747 5162 7060 4139 11452 20444 15844 10718 19 349 1024 131348 77 601 812 1581505 230 617 738 1675385 212 483 1001 947268 194 447 756 628525 290 524 854 1130697 
43 4294967295 16191 11919 10896 15288 18597 2415 19876 6125 1525 9434 13498 5162 17890 8471 3871 10697 7180 15050 266 350 853 77559 191 672 831 2058025 173 449 930 686606 250 637 814 1818722 308 560 773 1338973 24 391 756 274405 
43 4294967295 10776 8670 4398 17454 13182 2415 18793 10457 14521 17015 15664 7328 12475 4139 1705 20444 6097 8552 171 578 1024 1537804 134 542 849 1244692 59 653 964 1984040 288 353 794 58486 213 430 816 531416 24 598 738 1554511 
43 4294967295 10776 9753 17394 4458 16431 3498 6880 8291 9106 12683 18913 2996 5977 16052 1705 20444 14761 13967 171 428 1024 602092 153 483 947 926651 287 444 811 649784 60 655 718 1899586 270 353 888 90635 43 582 911 1496390 
43 4294967295 8610 9753 10896 2292 14265 13245 3631 1793 12355 18098 15664 6245 18973 20384 16867 8531 5014 7469 133 387 797 289466 153 598 775 1569953 173 656 815 1934222 22 619 697 1658438 232 411 1023 486291 214 540 983 1291703 
43 4294967295 10776 15168 3315 17454 13182 9996 2548 19121 6940 14849 8083 17075 4894 6305 1705 12863 20176 9635 171 409 965 465634 248 677 1001 2117590 40 353 891 86263 288 368 776 168952 213 445 835 654878 157 465 926 803270 
43 4294967295 18357 15168 13062 2292 17514 6747 14461 3959 4774 1853 10249 17075 8143 12803 11452 9614 20176 6386 304 577 965 1520837 248 466 735 740014 211 407 890 440404 22 677 834 2054816 289 503 778 987720 100 524 698 1075103 
43 4294967295 8610 11919 15228 18537 7767 14328 1465 10457 5857 13766 2668 5162 16807 20384 17950 11780 7180 4220 133 370 849 191996 191 426 740 505003 249 449 872 668556 307 638 1023 1891283 118 349 907 94245 233 618 756 1681944 
43 4294967295 8610 7587 16311 5541 19680 14328 3631 19121 15604 18098 10249 7328 13558 12803 1705 5282 2848 11801 133 373 794 172502 115 353 758 42201 268 561 890 1377199 79 387 1001 359921 327 597 873 1605752 233 503 983 1058136 
43 4294967295 15108 2172 11979 5541 7767 1332 4714 7208 18853 10517 17830 11660 20056 14969 13618 17195 9346 4220 247 562 850 1363802 20 487 928 917626 192 406 792 407553 79 654 967 1984421 118 636 870 1835709 5 675 740 2022006 
43 4294967295 2112 5421 14145 13122 12099 17577 1465 19121 9106 8351 16747 5162 7060 4139 11452 20444 15844 10718 19 349 1024 131348 77 601 812 1581505 230 617 738 1675385 212 483 1001 947268 194 447 756 628525 290 524 854 1130697 
43 4294967295 16191 11919 10896 15288 18597 2415 19876 6125 1525 9434 13498 5162 17890 8471 3871 10697 7180 15050 266 350 853 77559 191 672 831 2058025 173 449 930 686606 250 637 814 1818722 308 560 773 1338973 24 391 756 274405 
