36 4294967295 33891 17814 4809 35580 2610 24226 15239 26581 38330 13576 23789 10555 17696 9070 33074 656 938 2239 5670497 321 1303 1867 20090738 50 1254 2348 18550403 691 1032 2045 9357460 4 969 1918 6684070 
36 4294967295 10851 23958 38601 4092 28722 22690 6023 23509 3770 25864 33005 17467 5408 13678 30770 176 1239 1662 17362017 449 1288 2191 19708786 754 1222 1675 16744067 35 1113 1628 12214164 548 1034 2237 9508774 
36 4294967295 16995 31638 20937 32508 22578 18850 39047 10453 9146 23560 37613 19771 6176 25198 16946 304 967 1678 6496865 609 1142 1740 13592946 386 1274 1903 18837379 627 1240 2333 17906836 420 1161 2363 14729126 
36 4294967295 18531 10902 30153 30972 21810 16546 3719 31957 34490 8200 6125 6715 21536 26734 29234 336 889 1998 3553377 177 1306 2159 20318834 578 1415 1627 24382851 595 920 2268 5055124 404 1094 1677 11618470 
36 4294967295 25443 11670 10953 32508 37938 8098 3719 23509 12986 22792 21485 24379 20000 9838 15410 480 954 1627 5821281 193 1257 1820 18130290 178 918 1997 4830851 627 1239 1966 17612436 740 1224 1871 16897446 
36 4294967295 26211 37782 36297 34812 8754 13474 6023 34261 5306 15112 19181 21307 36128 6766 40754 496 1064 1949 10557537 737 890 2302 3802994 706 1030 1675 9063299 675 1463 2399 26918804 132 1193 1660 15441318 
36 4294967295 12387 32406 37833 24060 34866 26530 7559 36565 25274 5896 14573 15931 16928 17518 20786 208 1302 1853 20076129 625 1511 2076 28582002 738 1081 1707 11009411 451 1114 1983 12502420 676 872 1902 2842022 
36 4294967295 36963 39318 21705 34812 2610 21154 30599 14293 3770 34312 9197 38203 28448 18286 6194 720 1464 2187 26753121 769 1047 2142 10075506 402 1190 1741 15509635 675 1545 1628 29504404 4 1130 1679 12892070 
36 4294967295 27747 3990 23241 25596 30258 7330 38279 24277 6842 3592 23021 10555 18464 39790 31538 528 902 2347 4478049 33 969 1692 6505330 434 1255 1934 18223747 483 824 2207 1162132 580 1578 2029 31102886 
36 4294967295 16227 4758 10185 17916 34866 15778 27527 11989 24506 15112 7661 4411 6944 21358 13874 288 1078 1694 10989409 49 841 1839 1500786 162 999 2060 8081795 323 1194 2123 15815572 676 1064 1709 10368422 
36 4294967295 33891 17814 4809 35580 2610 24226 15239 26581 38330 13576 23789 10555 17696 9070 33074 656 938 2239 5670497 321 1303 1867 20090738 50 1254 2348 18550403 691 1032 2045 9357460 4 969 1918 6684070 
36 4294967295 10851 23958 38601 4092 28722 22690 6023 23509 3770 25864 33005 17467 5408 13678 30770 176 1239 1662 17362017 449 1288 2191 19708786 754 1222 1675 16744067 35 1113 1628 12214164 548 1034 2237 9508774 
36 4294967295 16995 31638 20937 32508 22578 18850 39047 10453 9146 23560 37613 19771 6176 25198 16946 304 967 1678 6496865 609 1142 1740 13592946 386 1274 1903 18837379 627 1240 2333 17906836 420 1161 2363 14729126 
36 4294967295 18531 10902 30153 30972 21810 16546 3719 31957 34490 8200 6125 6715 21536 26734 29234 336 889 1998 3553377 177 1306 2159 20318834 578 1415 1627 24382851 595 920 2268 5055124 404 1094 1677 11618470 
36 4294967295 25443 11670 10953 32508 37938 8098 3719 23509 12986 22792 21485 24379 20000 9838 15410 480 954 1627 5821281 193 1257 1820 18130290 178 918 1997 4830851 627 1239 1966 17612436 740 1224 1871 16897446 
36 4294967295 26211 37782 36297 34812 8754 13474 6023 34261 5306 15112 19181 21307 36128 6766 40754 496 1064 1949 10557537 737 890 2302 3802994 706 1030 1675 9063299 675 1463 2399 26918804 132 1193 1660 15441318 
36 4294967295 12387 32406 37833 24060 34866 26530 7559 36565 25274 5896 14573 15931 16928 17518 20786 208 1302 1853 20076129 625 1511 2076 28582002 738 1081 1707 11009411 451 1114 1983 12502420 676 872 1902 2842022 
36 4294967295 36963 39318 21705 34812 2610 21154 30599 14293 3770 34312 9197 38203 28448 18286 6194 720 1464 2187 26753121 769 1047 2142 10075506 402 1190 1741 15509635 675 1545 1628 29504404 4 1130 1679 12892070 
36 4294967295 27747 3990 23241 25596 30258 7330 38279 24277 6842 3592 23021 10555 18464 39790 31538 528 902 2347 4478049 33 969 1692 6505330 434 1255 1934 18223747 483 824 2207 1162132 580 1578 2029 31102886 
36 4294967295 16227 4758 10185 17916 34866 15778 27527 11989 24506 15112 7661 4411 6944 21358 13874 288 1078 1694 10989409 49 841 1839 1500786 162 999 2060 8081795 323 1194 2123 15815572 676 1064 1709 10368422 
