15 4294967295 444 765 3166 2177 3484 2627 0 276 376 403810 15 291 398 450222 
15 4294967295 444 2235 667 2765 3337 863 0 157 404 40573 85 284 314 416755 
15 4294967295 2355 1353 1108 1883 1279 2774 91 186 362 121472 43 178 405 105703 
15 4294967295 1767 1647 1402 3206 1279 2627 63 186 425 130537 57 192 398 147990 
15 4294967295 2796 471 1402 1883 1720 2774 112 192 405 149402 1 207 362 185671 
15 4294967295 591 2676 2431 3353 1867 1304 7 214 432 217610 106 241 335 290335 
15 4294967295 1032 2088 961 1883 2602 1304 28 249 335 311396 78 171 362 78165 
15 4294967295 1914 1059 1255 2324 3337 716 70 284 307 415619 29 185 383 124127 
15 4294967295 3237 2235 2872 1883 2455 3215 133 242 362 294638 85 262 426 368392 
15 4294967295 3384 2823 2578 2765 985 716 140 248 307 308064 113 172 404 84584 
15 4294967295 444 765 3166 2177 3484 2627 0 276 376 403810 15 291 398 450222 
15 4294967295 444 2235 667 2765 3337 863 0 157 404 40573 85 284 314 416755 
15 4294967295 2355 1353 1108 1883 1279 2774 91 186 362 121472 43 178 405 105703 
15 4294967295 1767 1647 1402 3206 1279 2627 63 186 425 130537 57 192 398 147990 
15 4294967295 2796 471 1402 1883 1720 2774 112 192 405 149402 1 207 362 185671 
15 4294967295 591 2676 2431 3353 1867 1304 7 214 432 217610 106 241 335 290335 
15 4294967295 1032 2088 961 1883 2602 1304 28 249 335 311396 78 171 362 78165 
15 4294967295 1914 1059 1255 2324 3337 716 70 284 307 415619 29 185 383 124127 
15 4294967295 3237 2235 2872 1883 2455 3215 133 242 362 294638 85 262 426 368392 
15 4294967295 3384 2823 2578 2765 985 716 140 248 307 308064 113 172 404 84584 
