22 4294967295 3423 10056 7992 10462 5447 1795 6080 10828 13592 70 744 1289 5999221 291 455 1017 268232 222 756 1038 6084344 
22 4294967295 10623 13956 5892 13762 9947 6295 7280 4228 5792 310 854 1029 8016821 421 536 1167 1884332 152 605 1078 3197244 
22 4294967295 13623 8856 14292 9562 4547 7795 6980 10528 8492 410 714 987 5289821 251 746 1068 5904232 432 655 1119 4185644 
22 4294967295 12423 10656 4392 4762 6647 8395 6080 12028 2492 370 554 919 2161021 311 675 1057 4545232 102 796 1038 6857544 
22 4294967295 4923 10056 14292 13762 9647 2695 2480 2128 13292 120 466 1279 574521 291 485 1157 910632 432 854 918 7969644 
22 4294967295 8223 5256 9492 11962 5147 8995 12380 2728 2492 230 794 919 6806021 131 695 1248 5014232 272 486 1007 844444 
22 4294967295 3423 4056 11592 2962 5747 13495 9380 1828 11192 70 456 1148 323221 91 494 1027 1045032 342 845 1209 7902744 
22 4294967295 12423 1656 9192 11062 13547 9895 3980 13828 12092 370 725 968 5474221 11 764 1287 6385832 262 856 1239 8108744 
22 4294967295 3423 9756 7692 13162 3347 9295 4580 9028 7292 70 834 947 7592021 281 705 1079 5134532 212 696 988 4900644 
22 4294967295 2523 4056 6492 6262 12347 10795 12680 4828 9692 40 556 1258 2307321 91 604 1247 3271432 172 755 1159 6136644 
22 4294967295 3423 10056 7992 10462 5447 1795 6080 10828 13592 70 744 1289 5999221 291 455 1017 268232 222 756 1038 6084344 
22 4294967295 10623 13956 5892 13762 9947 6295 7280 4228 5792 310 854 1029 8016821 421 536 1167 1884332 152 605 1078 3197244 
22 4294967295 13623 8856 14292 9562 4547 7795 6980 10528 8492 410 714 987 5289821 251 746 1068 5904232 432 655 1119 4185644 
22 4294967295 12423 10656 4392 4762 6647 8395 6080 12028 2492 370 554 919 2161021 311 675 1057 4545232 102 796 1038 6857544 
22 4294967295 4923 10056 14292 13762 9647 2695 2480 2128 13292 120 466 1279 574521 291 485 1157 910632 432 854 918 7969644 
22 4294967295 8223 5256 9492 11962 5147 8995 12380 2728 2492 230 794 919 6806021 131 695 1248 5014232 272 486 1007 844444 
22 4294967295 3423 4056 11592 2962 5747 13495 9380 1828 11192 70 456 1148 323221 91 494 1027 1045032 342 845 1209 7902744 
22 4294967295 12423 1656 9192 11062 13547 9895 3980 13828 12092 370 725 968 5474221 11 764 1287 6385832 262 856 1239 8108744 
22 4294967295 3423 9756 7692 13162 3347 9295 4580 9028 7292 70 834 947 7592021 281 705 1079 5134532 212 696 988 4900644 
22 4294967295 2523 4056 6492 6262 12347 10795 12680 4828 9692 40 556 1258 2307321 91 604 1247 3271432 172 755 1159 6136644 
