22 4294967295 3573 12906 8442 16012 7097 2545 14030 2278 3242 70 525 1398 938071 381 516 1039 524682 232 974 1167 11631494 
22 4294967295 11973 14706 6642 9112 3797 8245 5630 13678 11042 350 896 1057 9657971 441 715 1299 5454682 172 744 1118 6084094 
22 4294967295 15873 12906 2442 1912 12797 2845 11630 7678 4142 480 535 1069 1020571 381 696 1318 4983682 32 504 1357 437894 
22 4294967295 8373 12606 15042 6112 14597 5845 15530 8278 14042 230 635 1399 3580771 371 644 1448 3846782 452 716 1417 5513594 
22 4294967295 2073 13806 15942 4012 11597 2845 5930 13378 12542 20 535 1349 1153171 411 574 1317 2102782 482 886 1128 9453494 
22 4294967295 8073 12006 3942 14512 11897 5545 6230 15178 16142 220 946 1138 10896371 351 924 1469 10579182 82 625 1327 3304894 
22 4294967295 2673 2106 3342 1912 10697 7345 11630 15478 10142 40 504 1287 403671 21 685 1269 4715482 62 956 1318 11223094 
22 4294967295 4473 1506 5742 14812 10397 15445 11930 15178 8342 100 934 1209 10689371 1 946 1328 10987282 142 955 1277 11204294 
22 4294967295 2973 6606 9042 11812 3797 4045 1730 10678 2642 50 834 988 8180071 171 796 1057 7255182 252 575 1019 1954194 
22 4294967295 9573 3906 9942 10912 2297 7345 4430 16078 7742 270 685 1189 4678771 81 804 1078 7504182 282 976 1007 11553594 
22 4294967295 3573 12906 8442 16012 7097 2545 14030 2278 3242 70 525 1398 938071 381 516 1039 524682 232 974 1167 11631494 
22 4294967295 11973 14706 6642 9112 3797 8245 5630 13678 11042 350 896 1057 9657971 441 715 1299 5454682 172 744 1118 6084094 
22 4294967295 15873 12906 2442 1912 12797 2845 11630 7678 4142 480 535 1069 1020571 381 696 1318 4983682 32 504 1357 437894 
22 4294967295 8373 12606 15042 6112 14597 5845 15530 8278 14042 230 635 1399 3580771 371 644 1448 3846782 452 716 1417 5513594 
22 4294967295 2073 13806 15942 4012 11597 2845 5930 13378 12542 20 535 1349 1153171 411 574 1317 2102782 482 886 1128 9453494 
22 4294967295 8073 12006 3942 14512 11897 5545 6230 15178 16142 220 946 1138 10896371 351 924 1469 10579182 82 625 1327 3304894 
22 4294967295 2673 2106 3342 1912 10697 7345 11630 15478 10142 40 504 1287 403671 21 685 1269 4715482 62 956 1318 11223094 
22 4294967295 4473 1506 5742 14812 10397 15445 11930 15178 8342 100 934 1209 10689371 1 946 1328 10987282 142 955 1277 11204294 
22 4294967295 2973 6606 9042 11812 3797 4045 1730 10678 2642 50 834 988 8180071 171 796 1057 7255182 252 575 1019 1954194 
22 4294967295 9573 3906 9942 10912 2297 7345 4430 16078 7742 270 685 1189 4678771 81 804 1078 7504182 282 976 1007 11553594 
