43 4294967295 13056 15282 43500 5655 34956 54513 26488 33314 50374 12797 34189 7442 20170 37826 62467 36803 23539 18413 171 1643 2809 34721760 210 1508 2730 26137922 705 2139 2791 66285474 41 1397 2370 18450467 555 1456 2469 22208136 898 1927 2276 52365375 
43 4294967295 21720 44523 35919 24066 32790 38268 6994 54974 31963 65864 20110 23687 16921 46490 13732 35720 34369 21662 323 1284 3301 12195360 723 1396 3110 19280005 572 1340 2561 15026723 364 1646 2526 34411360 517 1166 2772 4326362 613 1604 2961 32468860 
43 4294967295 6558 48855 65160 60888 13296 56679 24322 18152 22216 60449 9280 37766 36415 25913 14815 50882 27871 63899 57 1206 2808 6788302 799 1470 2600 23573739 1085 1682 3038 37419192 1010 1532 2464 27074396 175 1303 3267 13365080 936 1433 3206 21817555 
43 4294967295 28218 6618 15342 35979 19794 7944 58978 45227 57955 38789 40687 55094 41830 62735 25645 66044 33286 18413 437 1757 3246 42494812 58 2078 3304 63195294 211 1493 2939 25153856 573 1627 2469 33138113 289 1777 2826 43245772 81 2060 3112 61771952 
43 4294967295 53127 33693 32670 39228 50118 20940 4828 19235 56872 40955 38521 6359 59158 9668 47305 43301 25705 17330 874 2041 2905 60342291 533 1494 2315 24469019 515 1128 2864 2002204 630 2081 2483 62305830 821 1719 2450 39193908 309 1873 2257 48690034 
43 4294967295 47712 51021 15342 24066 19794 26355 17824 9488 7054 61532 46102 65924 23419 33494 42973 50882 40867 45488 779 1356 2944 16663818 837 1454 2312 22045987 211 1760 3038 42260202 364 1852 3302 48628262 289 1167 3225 4824542 404 1797 2733 44357673 
43 4294967295 62874 47772 7761 14319 65280 51264 57895 19235 62287 16046 47185 61592 10423 30245 16981 4313 11626 7583 1045 1247 2279 8649618 780 1226 2221 7367366 78 2059 2483 61080937 193 1341 3226 15752353 1087 2136 2427 65894912 841 1871 2676 49160778 
43 4294967295 43380 16365 31587 64137 12213 35019 53563 59306 38461 50702 10363 7442 5008 36743 24562 9728 37618 15164 703 1474 2412 23362534 229 1225 3035 8257231 496 1131 2316 1394641 1067 1718 3186 40015163 156 1703 2790 38343753 556 1983 2276 56002089 
43 4294967295 10890 21780 42417 19734 32790 31770 57895 46310 35212 19295 23359 31268 51577 4253 48388 8645 36535 45488 133 1453 2958 22744502 324 1948 2484 53799186 686 2059 2220 60799357 288 1684 2944 37299360 517 1661 2297 35377416 499 1892 2694 50389622 
43 4294967295 27135 58602 4512 50058 26292 40434 16741 58223 41710 61532 63430 13940 62407 52988 20230 30305 21373 6500 418 1337 3167 15693811 970 2156 3075 67818982 21 1418 3225 20606700 820 2138 2677 66162032 403 1775 2390 42766364 651 1398 2260 18336432 
43 4294967295 13056 15282 43500 5655 34956 54513 26488 33314 50374 12797 34189 7442 20170 37826 62467 36803 23539 18413 171 1643 2809 34721760 210 1508 2730 26137922 705 2139 2791 66285474 41 1397 2370 18450467 555 1456 2469 22208136 898 1927 2276 52365375 
43 4294967295 21720 44523 35919 24066 32790 38268 6994 54974 31963 65864 20110 23687 16921 46490 13732 35720 34369 21662 323 1284 3301 12195360 723 1396 3110 19280005 572 1340 2561 15026723 364 1646 2526 34411360 517 1166 2772 4326362 613 1604 2961 32468860 
43 4294967295 6558 48855 65160 60888 13296 56679 24322 18152 22216 60449 9280 37766 36415 25913 14815 50882 27871 63899 57 1206 2808 6788302 799 1470 2600 23573739 1085 1682 3038 37419192 1010 1532 2464 27074396 175 1303 3267 13365080 936 1433 3206 21817555 
43 4294967295 28218 6618 15342 35979 19794 7944 58978 45227 57955 38789 40687 55094 41830 62735 25645 66044 33286 18413 437 1757 3246 42494812 58 2078 3304 63195294 211 1493 2939 25153856 573 1627 2469 33138113 289 1777 2826 43245772 81 2060 3112 61771952 
43 4294967295 53127 33693 32670 39228 50118 20940 4828 19235 56872 40955 38521 6359 59158 9668 47305 43301 25705 17330 874 2041 2905 60342291 533 1494 2315 24469019 515 1128 2864 2002204 630 2081 2483 62305830 821 1719 2450 39193908 309 1873 2257 48690034 
43 4294967295 47712 51021 15342 24066 19794 26355 17824 9488 7054 61532 46102 65924 23419 33494 42973 50882 40867 45488 779 1356 2944 16663818 837 1454 2312 22045987 211 1760 3038 42260202 364 1852 3302 48628262 289 1167 3225 4824542 404 1797 2733 44357673 
43 4294967295 62874 47772 7761 14319 65280 51264 57895 19235 62287 16046 47185 61592 10423 30245 16981 4313 11626 7583 1045 1247 2279 8649618 780 1226 2221 7367366 78 2059 2483 61080937 193 1341 3226 15752353 1087 2136 2427 65894912 841 1871 2676 49160778 
43 4294967295 43380 16365 31587 64137 12213 35019 53563 59306 38461 50702 10363 7442 5008 36743 24562 9728 37618 15164 703 1474 2412 23362534 229 1225 3035 8257231 496 1131 2316 1394641 1067 1718 3186 40015163 156 1703 2790 38343753 556 1983 2276 56002089 
43 4294967295 10890 21780 42417 19734 32790 31770 57895 46310 35212 19295 23359 31268 51577 4253 48388 8645 36535 45488 133 1453 2958 22744502 324 1948 2484 53799186 686 2059 2220 60799357 288 1684 2944 37299360 517 1661 2297 35377416 499 1892 2694 50389622 
43 4294967295 27135 58602 4512 50058 26292 40434 16741 58223 41710 61532 63430 13940 62407 52988 20230 30305 21373 6500 418 1337 3167 15693811 970 2156 3075 67818982 21 1418 3225 20606700 820 2138 2677 66162032 403 1775 2390 42766364 651 1398 2260 18336432 
