36 4294967295 42051 13686 29097 15324 33042 23938 6503 37813 13466 34792 15053 20251 7424 47182 11282 816 1321 2140 20536897 225 1882 1995 52645202 546 1687 2173 41760099 259 1624 2095 37992308 628 1398 2014 25019014 
36 4294967295 42051 32118 36777 44508 11538 10114 21095 10933 15770 14824 31181 18715 8960 38734 46610 816 1289 2188 18739777 609 1706 2509 43005266 706 1208 2299 14237539 867 1127 2046 9386356 180 1110 2831 9206406 
36 4294967295 40515 6006 46761 16092 43794 31618 4199 11701 18842 30184 27341 43291 40448 44878 10514 784 1143 1947 10214465 65 1528 2079 32444242 914 1834 2252 50137187 275 1801 2429 48452724 852 1558 2702 34899078 
36 4294967295 19011 28278 32169 35292 21522 43138 18023 31669 18842 37096 13517 34843 33536 38734 41234 336 1559 2252 34460737 529 1706 2558 43050066 610 1798 2141 48181603 675 1625 2719 38598004 388 1672 2235 40897414 
36 4294967295 33603 22902 8361 38364 24594 43138 26471 29365 28826 20200 31181 47899 45056 36430 12050 640 1511 2111 31562561 417 1897 2411 53969234 114 1320 2798 21155427 739 1798 2509 48536948 452 1658 2460 40191878 
36 4294967295 26691 8310 6825 14556 20754 23938 44903 6325 11162 38632 10445 32539 47360 46414 9746 496 1577 2092 35231297 113 1031 2795 4566610 82 1398 2077 25071715 243 1866 2846 52537972 372 1704 2063 42571398 
36 4294967295 35907 42102 32169 19932 24594 6274 10343 31669 5018 5608 15821 14107 38912 44878 26642 688 1559 2075 34297409 817 1834 2670 50534994 610 1030 1964 3775843 355 1193 2415 13417844 452 1016 2189 3066758 
36 4294967295 22083 35190 20649 5340 6930 10882 10343 30901 31898 27880 46541 33307 25856 34126 18962 400 1593 2829 36857921 673 1126 2524 9844050 370 1543 2398 33677923 51 1610 2075 37052020 84 1480 2255 29848710 
36 4294967295 35907 14454 23721 12252 21522 45442 34151 13237 31898 19432 14285 25627 45056 29518 5906 688 1304 2798 20243009 241 1433 1983 26825298 434 1514 2157 31605347 195 1175 2571 12647284 388 1846 2524 51311494 
36 4294967295 9027 26742 5289 13020 36882 45442 43367 46261 25754 15592 26573 31003 48896 41806 11282 128 1846 2095 50892609 497 1224 2413 15263314 50 1545 2763 34026083 211 1863 2878 52568180 708 1770 2396 46585734 
36 4294967295 42051 13686 29097 15324 33042 23938 6503 37813 13466 34792 15053 20251 7424 47182 11282 816 1321 2140 20536897 225 1882 1995 52645202 546 1687 2173 41760099 259 1624 2095 37992308 628 1398 2014 25019014 
36 4294967295 42051 32118 36777 44508 11538 10114 21095 10933 15770 14824 31181 18715 8960 38734 46610 816 1289 2188 18739777 609 1706 2509 43005266 706 1208 2299 14237539 867 1127 2046 9386356 180 1110 2831 9206406 
36 4294967295 40515 6006 46761 16092 43794 31618 4199 11701 18842 30184 27341 43291 40448 44878 10514 784 1143 1947 10214465 65 1528 2079 32444242 914 1834 2252 50137187 275 1801 2429 48452724 852 1558 2702 34899078 
36 4294967295 19011 28278 32169 35292 21522 43138 18023 31669 18842 37096 13517 34843 33536 38734 41234 336 1559 2252 34460737 529 1706 2558 43050066 610 1798 2141 48181603 675 1625 2719 38598004 388 1672 2235 40897414 
36 4294967295 33603 22902 8361 38364 24594 43138 26471 29365 28826 20200 31181 47899 45056 36430 12050 640 1511 2111 31562561 417 1897 2411 53969234 114 1320 2798 21155427 739 1798 2509 48536948 452 1658 2460 40191878 
36 4294967295 26691 8310 6825 14556 20754 23938 44903 6325 11162 38632 10445 32539 47360 46414 9746 496 1577 2092 35231297 113 1031 2795 4566610 82 1398 2077 25071715 243 1866 2846 52537972 372 1704 2063 42571398 
36 4294967295 35907 42102 32169 19932 24594 6274 10343 31669 5018 5608 15821 14107 38912 44878 26642 688 1559 2075 34297409 817 1834 2670 50534994 610 1030 1964 3775843 355 1193 2415 13417844 452 1016 2189 3066758 
36 4294967295 22083 35190 20649 5340 6930 10882 10343 30901 31898 27880 46541 33307 25856 34126 18962 400 1593 2829 36857921 673 1126 2524 9844050 370 1543 2398 33677923 51 1610 2075 37052020 84 1480 2255 29848710 
36 4294967295 35907 14454 23721 12252 21522 45442 34151 13237 31898 19432 14285 25627 45056 29518 5906 688 1304 2798 20243009 241 1433 1983 26825298 434 1514 2157 31605347 195 1175 2571 12647284 388 1846 2524 51311494 
36 4294967295 9027 26742 5289 13020 36882 45442 43367 46261 25754 15592 26573 31003 48896 41806 11282 128 1846 2095 50892609 497 1224 2413 15263314 50 1545 2763 34026083 211 1863 2878 52568180 708 1770 2396 46585734 
