57 4294967295 16803 75006 46959 93912 37740 9693 81021 7977 13777 78107 19480 68810 36433 40763 51511 65216 49714 5294 74167 33497 61120 72950 83698 63602 175 1435 3318 13146176 951 1838 3373 37236827 577 1862 2471 37625603 1203 1990 3270 46124379 454 2164 2847 56089405 80 1359 3249 8550056 1031 1661 2944 26213832 57 2291 3442 64317609 
57 4294967295 69303 86256 35709 50787 17115 45318 28521 79227 62527 81857 26980 78185 49558 7013 94636 12716 64714 74669 91042 40997 16120 24200 21823 14852 875 1466 2947 14204926 1101 2389 2494 69182452 427 1836 3396 37254353 628 2009 3443 47825004 179 1535 2570 18230030 555 2038 2599 48282556 331 2437 3492 73389457 1007 1390 2723 9430734 
57 4294967295 93678 75006 9459 5787 73365 11568 66021 41727 19402 23732 51355 78185 47683 22013 57136 70841 44089 37169 79792 27872 62995 18575 31198 16727 1200 1763 2648 31853051 951 1860 2896 38155577 77 1591 3345 22178103 28 1811 2772 34978129 929 2015 2717 46944405 105 2239 2694 60398806 831 1937 3443 43328207 507 1434 2624 12296984 
57 4294967295 46803 73131 88209 32037 84615 30318 90396 45477 81277 36857 43855 5060 23308 16388 19636 70841 29089 9044 38542 55997 59245 57950 25573 69227 575 2259 2468 61635551 926 1486 3147 15951827 1127 1437 3324 13169978 378 1516 2619 16795629 1079 1563 2892 20151280 355 1760 3345 32689431 1156 1689 3173 27993207 557 1965 2521 43688859 
57 4294967295 7428 80631 93834 18912 65865 11568 30396 77352 71902 74357 62605 14435 47683 16388 57136 33341 34714 54044 10417 24122 51745 87950 6823 93602 50 1638 3649 25546176 1026 1937 3121 42934952 1202 1811 2593 34793103 203 1266 2619 1785004 829 2134 3573 55486280 105 1314 3392 5733181 356 2010 2845 47083207 982 1865 2722 37941984 
57 4294967295 44928 69381 18834 84537 67740 28443 32271 88602 94402 34982 92605 14435 17683 74513 42136 91466 23464 48419 51667 25997 6745 63575 83698 76727 550 2410 3620 72047426 876 1488 2593 15276827 202 2434 2867 72620603 1078 2291 3248 64098129 854 1265 3046 2321905 330 1411 3424 11771931 381 1737 2747 30454457 1132 1864 3394 38772609 
57 4294967295 11178 7506 15084 5787 60240 39693 66021 90477 56902 81857 4480 42560 19558 78263 55261 76466 23464 14669 87292 18497 68620 54200 29323 26102 100 1436 3492 13358676 51 1488 3420 16266827 152 1566 3444 20801853 28 2339 2968 66736254 754 1235 2596 267530 480 1912 2647 40838806 831 1934 2749 42470707 1157 2090 3123 51941984 
57 4294967295 22428 3756 30084 86412 58365 90318 67896 88602 45652 63107 38230 16310 13933 65138 6511 18341 42214 25919 92917 12872 10495 95450 61198 52352 250 1361 2572 7727426 1 1738 2746 30444952 352 1685 3673 28585603 1103 1262 2618 1807504 729 1991 3099 45898155 1155 1784 3242 34087556 856 1315 3269 5598832 1132 2414 2645 70867609 
57 4294967295 13053 35631 50709 67662 17115 19068 4146 60477 10027 38732 28855 78185 34558 7013 90886 63341 72214 80294 42292 27872 23620 65450 94948 41102 125 1490 3443 16299301 426 1560 3273 20594327 627 2387 3245 70089353 853 1636 3471 25351879 179 2138 2494 54153155 205 1739 2917 30664431 6 1309 2772 4965082 757 2441 2949 72726359 
57 4294967295 54303 18756 56334 62037 7740 39693 21021 94227 41902 12482 83230 74435 53308 7013 10261 93341 47839 35294 4792 67247 23620 39200 51823 89852 675 1866 3297 38638676 201 1813 3599 35993077 702 1886 3645 40568728 778 2285 2871 63631254 54 1239 3393 1230030 480 1734 2494 30150681 231 1490 2567 15230082 1207 1312 2923 5178859 
57 4294967295 16803 75006 46959 93912 37740 9693 81021 7977 13777 78107 19480 68810 36433 40763 51511 65216 49714 5294 74167 33497 61120 72950 83698 63602 175 1435 3318 13146176 951 1838 3373 37236827 577 1862 2471 37625603 1203 1990 3270 46124379 454 2164 2847 56089405 80 1359 3249 8550056 1031 1661 2944 26213832 57 2291 3442 64317609 
57 4294967295 69303 86256 35709 50787 17115 45318 28521 79227 62527 81857 26980 78185 49558 7013 94636 12716 64714 74669 91042 40997 16120 24200 21823 14852 875 1466 2947 14204926 1101 2389 2494 69182452 427 1836 3396 37254353 628 2009 3443 47825004 179 1535 2570 18230030 555 2038 2599 48282556 331 2437 3492 73389457 1007 1390 2723 9430734 
57 4294967295 93678 75006 9459 5787 73365 11568 66021 41727 19402 23732 51355 78185 47683 22013 57136 70841 44089 37169 79792 27872 62995 18575 31198 16727 1200 1763 2648 31853051 951 1860 2896 38155577 77 1591 3345 22178103 28 1811 2772 34978129 929 2015 2717 46944405 105 2239 2694 60398806 831 1937 3443 43328207 507 1434 2624 12296984 
57 4294967295 46803 73131 88209 32037 84615 30318 90396 45477 81277 36857 43855 5060 23308 16388 19636 70841 29089 9044 38542 55997 59245 57950 25573 69227 575 2259 2468 61635551 926 1486 3147 15951827 1127 1437 3324 13169978 378 1516 2619 16795629 1079 1563 2892 20151280 355 1760 3345 32689431 1156 1689 3173 27993207 557 1965 2521 43688859 
57 4294967295 7428 80631 93834 18912 65865 11568 30396 77352 71902 74357 62605 14435 47683 16388 57136 33341 34714 54044 10417 24122 51745 87950 6823 93602 50 1638 3649 25546176 1026 1937 3121 42934952 1202 1811 2593 34793103 203 1266 2619 1785004 829 2134 3573 55486280 105 1314 3392 5733181 356 2010 2845 47083207 982 1865 2722 37941984 
57 4294967295 44928 69381 18834 84537 67740 28443 32271 88602 94402 34982 92605 14435 17683 74513 42136 91466 23464 48419 51667 25997 6745 63575 83698 76727 550 2410 3620 72047426 876 1488 2593 15276827 202 2434 2867 72620603 1078 2291 3248 64098129 854 1265 3046 2321905 330 1411 3424 11771931 381 1737 2747 30454457 1132 1864 3394 38772609 
57 4294967295 11178 7506 15084 5787 60240 39693 66021 90477 56902 81857 4480 42560 19558 78263 55261 76466 23464 14669 87292 18497 68620 54200 29323 26102 100 1436 3492 13358676 51 1488 3420 16266827 152 1566 3444 20801853 28 2339 2968 66736254 754 1235 2596 267530 480 1912 2647 40838806 831 1934 2749 42470707 1157 2090 3123 51941984 
57 4294967295 22428 3756 30084 86412 58365 90318 67896 88602 45652 63107 38230 16310 13933 65138 6511 18341 42214 25919 92917 12872 10495 95450 61198 52352 250 1361 2572 7727426 1 1738 2746 30444952 352 1685 3673 28585603 1103 1262 2618 1807504 729 1991 3099 45898155 1155 1784 3242 34087556 856 1315 3269 5598832 1132 2414 2645 70867609 
57 4294967295 13053 35631 50709 67662 17115 19068 4146 60477 10027 38732 28855 78185 34558 7013 90886 63341 72214 80294 42292 27872 23620 65450 94948 41102 125 1490 3443 16299301 426 1560 3273 20594327 627 2387 3245 70089353 853 1636 3471 25351879 179 2138 2494 54153155 205 1739 2917 30664431 6 1309 2772 4965082 757 2441 2949 72726359 
57 4294967295 54303 18756 56334 62037 7740 39693 21021 94227 41902 12482 83230 74435 53308 7013 10261 93341 47839 35294 4792 67247 23620 39200 51823 89852 675 1866 3297 38638676 201 1813 3599 35993077 702 1886 3645 40568728 778 2285 2871 63631254 54 1239 3393 1230030 480 1734 2494 30150681 231 1490 2567 15230082 1207 1312 2923 5178859 
