64 4294967295 87783 5550 3285 15132 12867 76458 43617 62520 55554 8710 68243 74653 42458 11236 37841 53659 59096 39634 85055 79705 21638 49216 61709 72823 33572 35278 19490 1008 1887 2738 32984421 29 1584 2847 21266786 2 1470 2485 16595743 143 1637 2769 23329548 116 1102 2267 2414025 873 1418 2292 14270486 482 1865 3047 32215491 707 1132 2540 3793952 624 1947 2434 34801182 
64 4294967295 47799 19662 76197 73932 78723 3546 85953 46056 67314 39286 35315 53485 14234 51220 73121 65419 84968 9058 56831 11497 82790 18640 42893 37543 31220 16462 26546 532 1635 3046 23630517 197 1777 2406 28320434 870 1608 2204 21696447 843 1135 2455 3710732 900 1466 3020 17172041 5 1220 2545 6994182 986 1445 2711 15782067 511 1194 2905 6312160 764 1106 2351 2519198 
64 4294967295 19575 38478 17397 45708 59907 31770 29505 88392 72018 36934 77651 15853 44810 67684 28433 84235 63800 70210 82703 4441 66326 58624 7613 49303 14756 51742 43010 196 1051 2568 588757 421 1585 2547 20958674 170 1804 2959 29973135 507 1187 2373 5760892 676 1696 2824 25549081 341 1614 3019 22522870 314 1834 2125 30180227 1015 2001 2210 36726656 820 1438 2794 15864446 
64 4294967295 59559 3198 45621 57468 15219 76458 41265 27240 36738 67510 7091 62893 21290 72388 54305 84235 9704 81970 56831 75001 80438 86848 33485 49303 40628 23518 35954 672 1747 2433 27289445 1 1860 2288 31418802 506 2032 2119 37698671 647 1802 2518 29522364 144 1585 2711 21124969 873 1974 2681 36142518 454 2001 2150 36652931 287 1891 2992 33225312 400 1278 2463 9064814 
64 4294967295 87783 69054 66789 38652 57555 76458 41265 62520 17922 22822 11795 27613 37754 13588 47249 65419 73208 25522 75647 20905 54566 4528 33485 44599 52388 16462 7730 1008 1529 2433 18712485 785 1052 2658 692274 758 1777 2906 28858287 423 1302 2935 10631884 648 1327 2127 10870249 873 1270 2684 9310118 454 1160 2484 4802147 707 1247 2175 7710032 176 1194 2597 5983694 
64 4294967295 12519 85518 80901 43356 88131 15306 41265 8424 20274 34582 54131 25261 33050 22996 30785 6619 37928 18466 70943 72649 28694 56272 68765 46951 40628 79966 61826 112 1863 2771 31915045 981 1218 2679 7166546 926 1668 2376 24018655 479 1557 2853 20206092 1012 1272 2401 9023929 145 1950 2518 34874790 454 1077 2879 1988371 63 1410 2486 14450864 204 1299 2428 10103614 
64 4294967295 19575 38478 66789 83340 8163 12954 43617 31944 10866 36934 28259 4093 73034 25348 89585 58363 30872 16114 19199 75001 66326 42160 24077 51655 80612 77614 64178 196 1922 3101 34412085 421 1891 2994 33229058 758 1300 2321 10003087 955 1613 2263 21756844 60 1438 2799 15843161 117 1190 2824 6214102 482 1047 2904 944867 343 1693 2371 25075632 92 1500 2402 17584542 
64 4294967295 28983 61998 12693 48060 24627 5898 41265 34296 15570 11062 21203 84061 51866 55924 73121 58363 5000 53746 38015 79705 61622 89200 19373 75175 78260 28222 82994 308 1947 2966 35343477 701 1999 2287 36804882 114 1638 2265 22806591 535 1334 2094 10838076 256 1664 2487 24115929 33 1130 2905 4152182 454 1693 2768 25484851 371 1893 2652 32879568 148 2060 3023 39690206 
64 4294967295 26631 43182 87957 24540 10515 45882 74193 3720 86130 65158 14147 29965 37754 53572 19025 79531 82616 23170 59183 6793 16934 56272 85229 77527 73556 63502 61826 280 1945 2236 34588485 477 1754 3018 27893154 1010 1774 2771 28720303 255 1636 2203 22752524 88 1668 2739 24372297 509 1274 2261 8864806 846 1355 2910 12761315 7 1921 2484 33768624 988 1079 3049 2177374 
64 4294967295 12519 52590 40917 71580 74019 48234 85953 31944 22626 76918 51779 8797 37754 6532 35489 18379 61448 56098 30959 4441 71030 39808 26429 11671 17108 28222 59474 112 1137 2238 3458197 589 1217 2349 6807474 450 1051 2743 769919 815 1076 2403 1505340 844 1666 2766 24422473 537 1472 2484 16610726 986 1334 2651 11430867 343 1914 2457 33749024 232 1103 2880 3055454 
64 4294967295 87783 5550 3285 15132 12867 76458 43617 62520 55554 8710 68243 74653 42458 11236 37841 53659 59096 39634 85055 79705 21638 49216 61709 72823 33572 35278 19490 1008 1887 2738 32984421 29 1584 2847 21266786 2 1470 2485 16595743 143 1637 2769 23329548 116 1102 2267 2414025 873 1418 2292 14270486 482 1865 3047 32215491 707 1132 2540 3793952 624 1947 2434 34801182 
64 4294967295 47799 19662 76197 73932 78723 3546 85953 46056 67314 39286 35315 53485 14234 51220 73121 65419 84968 9058 56831 11497 82790 18640 42893 37543 31220 16462 26546 532 1635 3046 23630517 197 1777 2406 28320434 870 1608 2204 21696447 843 1135 2455 3710732 900 1466 3020 17172041 5 1220 2545 6994182 986 1445 2711 15782067 511 1194 2905 6312160 764 1106 2351 2519198 
64 4294967295 19575 38478 17397 45708 59907 31770 29505 88392 72018 36934 77651 15853 44810 67684 28433 84235 63800 70210 82703 4441 66326 58624 7613 49303 14756 51742 43010 196 1051 2568 588757 421 1585 2547 20958674 170 1804 2959 29973135 507 1187 2373 5760892 676 1696 2824 25549081 341 1614 3019 22522870 314 1834 2125 30180227 1015 2001 2210 36726656 820 1438 2794 15864446 
64 4294967295 59559 3198 45621 57468 15219 76458 41265 27240 36738 67510 7091 62893 21290 72388 54305 84235 9704 81970 56831 75001 80438 86848 33485 49303 40628 23518 35954 672 1747 2433 27289445 1 1860 2288 31418802 506 2032 2119 37698671 647 1802 2518 29522364 144 1585 2711 21124969 873 1974 2681 36142518 454 2001 2150 36652931 287 1891 2992 33225312 400 1278 2463 9064814 
64 4294967295 87783 69054 66789 38652 57555 76458 41265 62520 17922 22822 11795 27613 37754 13588 47249 65419 73208 25522 75647 20905 54566 4528 33485 44599 52388 16462 7730 1008 1529 2433 18712485 785 1052 2658 692274 758 1777 2906 28858287 423 1302 2935 10631884 648 1327 2127 10870249 873 1270 2684 9310118 454 1160 2484 4802147 707 1247 2175 7710032 176 1194 2597 5983694 
64 4294967295 12519 85518 80901 43356 88131 15306 41265 8424 20274 34582 54131 25261 33050 22996 30785 6619 37928 18466 70943 72649 28694 56272 68765 46951 40628 79966 61826 112 1863 2771 31915045 981 1218 2679 7166546 926 1668 2376 24018655 479 1557 2853 20206092 1012 1272 2401 9023929 145 1950 2518 34874790 454 1077 2879 1988371 63 1410 2486 14450864 204 1299 2428 10103614 
64 4294967295 19575 38478 66789 83340 8163 12954 43617 31944 10866 36934 28259 4093 73034 25348 89585 58363 30872 16114 19199 75001 66326 42160 24077 51655 80612 77614 64178 196 1922 3101 34412085 421 1891 2994 33229058 758 1300 2321 10003087 955 1613 2263 21756844 60 1438 2799 15843161 117 1190 2824 6214102 482 1047 2904 944867 343 1693 2371 25075632 92 1500 2402 17584542 
64 4294967295 28983 61998 12693 48060 24627 5898 41265 34296 15570 11062 21203 84061 51866 55924 73121 58363 5000 53746 38015 79705 61622 89200 19373 75175 78260 28222 82994 308 1947 2966 35343477 701 1999 2287 36804882 114 1638 2265 22806591 535 1334 2094 10838076 256 1664 2487 24115929 33 1130 2905 4152182 454 1693 2768 25484851 371 1893 2652 32879568 148 2060 3023 39690206 
64 4294967295 26631 43182 87957 24540 10515 45882 74193 3720 86130 65158 14147 29965 37754 53572 19025 79531 82616 23170 59183 6793 16934 56272 85229 77527 73556 63502 61826 280 1945 2236 34588485 477 1754 3018 27893154 1010 1774 2771 28720303 255 1636 2203 22752524 88 1668 2739 24372297 509 1274 2261 8864806 846 1355 2910 12761315 7 1921 2484 33768624 988 1079 3049 2177374 
64 4294967295 12519 52590 40917 71580 74019 48234 85953 31944 22626 76918 51779 8797 37754 6532 35489 18379 61448 56098 30959 4441 71030 39808 26429 11671 17108 28222 59474 112 1137 2238 3458197 589 1217 2349 6807474 450 1051 2743 769919 815 1076 2403 1505340 844 1666 2766 24422473 537 1472 2484 16610726 986 1334 2651 11430867 343 1914 2457 33749024 232 1103 2880 3055454 
