36 4294967295 5331 11526 8505 3180 2466 7186 6647 8005 5162 10360 4445 11179 2192 1246 9890 96 250 603 40657 225 457 510 768482 162 440 671 748275 51 391 572 550660 36 374 557 488982 
36 4294967295 5331 11526 3129 7020 7842 4882 4343 8773 2090 9592 1373 6571 10640 11230 2978 96 424 508 651217 225 458 555 780002 50 407 527 596723 131 361 493 417540 148 326 686 348694 
36 4294967295 3795 2310 9273 7788 10914 1042 3575 4933 5930 1912 7517 8875 10640 11998 6818 64 246 539 24785 33 264 588 93410 178 474 607 848371 147 409 621 621316 212 327 686 349718 
36 4294967295 5331 3846 10809 9324 4770 2578 2039 6469 10538 8056 9053 7339 3728 11998 1442 96 278 542 140497 65 392 653 570082 210 474 495 822003 179 359 684 464388 84 377 507 478230 
36 4294967295 8403 10758 1593 2412 930 9490 3575 5701 6698 8056 12125 10411 5264 7390 4514 160 378 539 487121 209 441 559 722146 18 343 717 411891 35 422 604 673284 4 392 574 549910 
36 4294967295 1491 9222 5433 10860 11682 8722 4343 8005 5162 10360 2909 3499 1424 6622 7586 16 391 555 546257 177 297 572 207074 98 362 525 424691 211 440 623 737540 228 406 494 591894 
36 4294967295 10707 8454 6969 1644 3234 11794 10487 6469 8234 9592 4445 1195 6032 2782 5282 208 424 575 668369 161 470 683 867298 130 282 557 144883 19 359 636 450308 52 249 590 36118 
36 4294967295 8403 10758 7737 3180 9378 4114 10487 1861 1322 5752 5213 11947 7568 6622 2978 160 362 683 464081 209 263 622 103906 146 344 573 379379 51 473 492 819460 180 310 527 253206 
36 4294967295 10707 2310 10041 8556 4002 1042 2039 7237 8234 3448 6749 5035 9872 5854 12194 208 296 719 242129 33 329 507 304610 194 346 605 387827 163 246 670 57092 68 375 636 508694 
36 4294967295 6867 9222 6201 2412 4770 7954 3575 11845 2090 4216 1373 5803 11408 10462 9122 128 442 493 705489 177 312 539 256994 114 345 655 398067 35 471 702 869124 84 390 508 535830 
36 4294967295 5331 11526 8505 3180 2466 7186 6647 8005 5162 10360 4445 11179 2192 1246 9890 96 250 603 40657 225 457 510 768482 162 440 671 748275 51 391 572 550660 36 374 557 488982 
36 4294967295 5331 11526 3129 7020 7842 4882 4343 8773 2090 9592 1373 6571 10640 11230 2978 96 424 508 651217 225 458 555 780002 50 407 527 596723 131 361 493 417540 148 326 686 348694 
36 4294967295 3795 2310 9273 7788 10914 1042 3575 4933 5930 1912 7517 8875 10640 11998 6818 64 246 539 24785 33 264 588 93410 178 474 607 848371 147 409 621 621316 212 327 686 349718 
36 4294967295 5331 3846 10809 9324 4770 2578 2039 6469 10538 8056 9053 7339 3728 11998 1442 96 278 542 140497 65 392 653 570082 210 474 495 822003 179 359 684 464388 84 377 507 478230 
36 4294967295 8403 10758 1593 2412 930 9490 3575 5701 6698 8056 12125 10411 5264 7390 4514 160 378 539 487121 209 441 559 722146 18 343 717 411891 35 422 604 673284 4 392 574 549910 
36 4294967295 1491 9222 5433 10860 11682 8722 4343 8005 5162 10360 2909 3499 1424 6622 7586 16 391 555 546257 177 297 572 207074 98 362 525 424691 211 440 623 737540 228 406 494 591894 
36 4294967295 10707 8454 6969 1644 3234 11794 10487 6469 8234 9592 4445 1195 6032 2782 5282 208 424 575 668369 161 470 683 867298 130 282 557 144883 19 359 636 450308 52 249 590 36118 
36 4294967295 8403 10758 7737 3180 9378 4114 10487 1861 1322 5752 5213 11947 7568 6622 2978 160 362 683 464081 209 263 622 103906 146 344 573 379379 51 473 492 819460 180 310 527 253206 
36 4294967295 10707 2310 10041 8556 4002 1042 2039 7237 8234 3448 6749 5035 9872 5854 12194 208 296 719 242129 33 329 507 304610 194 346 605 387827 163 246 670 57092 68 375 636 508694 
36 4294967295 6867 9222 6201 2412 4770 7954 3575 11845 2090 4216 1373 5803 11408 10462 9122 128 442 493 705489 177 312 539 256994 114 345 655 398067 35 471 702 869124 84 390 508 535830 
