43 4294967295 21378 25770 4170 34554 24867 31428 7735 17810 16459 27617 36013 7100 23077 30986 3643 29963 19948 2909 342 943 1764 6643921 419 882 1705 5430259 40 1225 1746 12523207 573 657 1345 489292 403 729 1533 2177709 518 998 1272 7516920 
43 4294967295 11631 32268 24747 22641 23784 16266 30478 36221 34870 13538 2440 32009 4666 22322 27469 10469 11284 20237 171 675 1856 1196431 533 1075 1782 9411367 401 791 1458 3309404 364 1205 1404 11921801 384 636 1576 235529 252 1128 1612 10478203 
43 4294967295 22461 8442 29079 3147 17286 26013 4486 24308 21874 12455 16519 27677 32824 19073 5809 8303 25363 32150 361 672 1555 1009433 115 977 1439 7223346 477 1169 1647 11292558 22 1038 1366 8353316 270 695 1785 1543793 423 883 1706 5430340 
43 4294967295 18129 24687 17166 34554 23784 19515 28312 9146 29455 23285 13270 12515 3583 4994 11224 6137 2620 8324 285 790 1440 3295285 400 1110 1629 10099794 268 639 1367 102280 573 656 1308 465466 384 826 1328 4011950 309 1090 1381 9550072 
43 4294967295 2967 29019 31245 4230 12954 7602 2320 34055 25123 24368 11104 27677 12247 10409 19888 19133 14533 7241 19 942 1818 6673523 476 788 1403 3275089 515 634 1706 321407 41 1034 1648 8532372 194 808 1556 3758167 100 848 1348 4411598 
43 4294967295 2967 5193 22581 35637 28116 32511 29395 19976 7795 11372 33847 25511 8998 12575 13390 24548 37276 32150 19 751 1571 2587364 58 828 1420 4065318 363 1109 1651 10111005 592 1247 1785 12950651 460 730 1668 2262183 537 1187 1441 11555788 
43 4294967295 9465 4110 20415 25890 21618 36843 13150 15644 34870 28700 14353 23345 31741 8243 36133 9386 19948 3992 133 845 1365 4424132 39 824 1291 3981566 325 1205 1495 11980624 421 943 1724 6621599 346 1227 1385 12302676 613 1150 1630 10890104 
43 4294967295 6216 20355 21498 5313 4290 26013 13150 32972 8878 8123 24100 27677 37156 11492 33967 36461 16699 15905 76 886 1500 5292698 324 824 1799 4308632 344 749 1422 2498237 60 1189 1860 11808808 42 1016 1706 8175002 423 1245 1363 12685357 
43 4294967295 9465 1944 31245 13977 10788 17349 16399 28640 37036 22202 3523 7100 30658 4994 18805 36461 25363 23486 133 655 1860 802580 1 1131 1610 10473429 515 1243 1308 12651362 212 923 1723 6224499 156 881 1345 5198918 271 1038 1633 8524832 
43 4294967295 30042 10608 22581 33471 2124 14100 28312 25391 8878 31949 26266 36341 29575 33152 15556 13718 3703 21320 494 658 1802 773700 153 1112 1781 10190405 363 866 1858 5131371 554 1090 1666 9733419 4 1054 1595 8889060 214 749 1461 2519597 
43 4294967295 21378 25770 4170 34554 24867 31428 7735 17810 16459 27617 36013 7100 23077 30986 3643 29963 19948 2909 342 943 1764 6643921 419 882 1705 5430259 40 1225 1746 12523207 573 657 1345 489292 403 729 1533 2177709 518 998 1272 7516920 
43 4294967295 11631 32268 24747 22641 23784 16266 30478 36221 34870 13538 2440 32009 4666 22322 27469 10469 11284 20237 171 675 1856 1196431 533 1075 1782 9411367 401 791 1458 3309404 364 1205 1404 11921801 384 636 1576 235529 252 1128 1612 10478203 
43 4294967295 22461 8442 29079 3147 17286 26013 4486 24308 21874 12455 16519 27677 32824 19073 5809 8303 25363 32150 361 672 1555 1009433 115 977 1439 7223346 477 1169 1647 11292558 22 1038 1366 8353316 270 695 1785 1543793 423 883 1706 5430340 
43 4294967295 18129 24687 17166 34554 23784 19515 28312 9146 29455 23285 13270 12515 3583 4994 11224 6137 2620 8324 285 790 1440 3295285 400 1110 1629 10099794 268 639 1367 102280 573 656 1308 465466 384 826 1328 4011950 309 1090 1381 9550072 
43 4294967295 2967 29019 31245 4230 12954 7602 2320 34055 25123 24368 11104 27677 12247 10409 19888 19133 14533 7241 19 942 1818 6673523 476 788 1403 3275089 515 634 1706 321407 41 1034 1648 8532372 194 808 1556 3758167 100 848 1348 4411598 
43 4294967295 2967 5193 22581 35637 28116 32511 29395 19976 7795 11372 33847 25511 8998 12575 13390 24548 37276 32150 19 751 1571 2587364 58 828 1420 4065318 363 1109 1651 10111005 592 1247 1785 12950651 460 730 1668 2262183 537 1187 1441 11555788 
43 4294967295 9465 4110 20415 25890 21618 36843 13150 15644 34870 28700 14353 23345 31741 8243 36133 9386 19948 3992 133 845 1365 4424132 39 824 1291 3981566 325 1205 1495 11980624 421 943 1724 6621599 346 1227 1385 12302676 613 1150 1630 10890104 
43 4294967295 6216 20355 21498 5313 4290 26013 13150 32972 8878 8123 24100 27677 37156 11492 33967 36461 16699 15905 76 886 1500 5292698 324 824 1799 4308632 344 749 1422 2498237 60 1189 1860 11808808 42 1016 1706 8175002 423 1245 1363 12685357 
43 4294967295 9465 1944 31245 13977 10788 17349 16399 28640 37036 22202 3523 7100 30658 4994 18805 36461 25363 23486 133 655 1860 802580 1 1131 1610 10473429 515 1243 1308 12651362 212 923 1723 6224499 156 881 1345 5198918 271 1038 1633 8524832 
43 4294967295 30042 10608 22581 33471 2124 14100 28312 25391 8878 31949 26266 36341 29575 33152 15556 13718 3703 21320 494 658 1802 773700 153 1112 1781 10190405 363 866 1858 5131371 554 1090 1666 9733419 4 1054 1595 8889060 214 749 1461 2519597 
