57 4294967295 22053 84006 93459 117912 48615 125568 123771 106977 62152 115232 28480 55310 122308 111638 128011 121091 39964 78044 45667 74372 105745 102575 27073 83852 225 2035 4869 38262676 1051 2264 4917 65150202 1177 2484 4118 90553978 1503 3065 4748 160079629 579 3286 4372 186190280 1605 2016 4499 34674681 1581 2188 4421 55374082 1357 3362 4995 196214734 
57 4294967295 27678 117756 69084 41037 129240 5568 67521 48852 17152 81482 86605 83435 9808 57263 53011 64841 75589 128669 73792 117497 13870 102575 92698 111977 300 1840 4748 14243926 1501 2810 4144 129288327 852 2362 4874 76961478 478 2639 4947 109813379 1654 1884 4245 19366530 5 2663 4467 111957806 831 2891 5096 139837207 582 1786 4493 7868484 
57 4294967295 80178 115881 31584 18537 65490 91818 45021 88227 62152 17732 13480 59060 15433 122888 77386 102341 21214 76169 111292 49997 71995 40700 132073 55727 1000 1938 3923 24740801 1476 2615 4396 105913952 352 1861 4745 17220853 178 2484 4168 90615254 804 3139 4124 167910905 1155 3416 4047 200522181 531 2687 5019 115895332 1107 1835 3617 12323484 
57 4294967295 61428 27756 39084 59787 69240 58068 103146 123852 37777 36482 19105 87185 131683 85388 45511 98591 24964 64919 6292 121247 111370 130700 34573 110102 750 3411 3867 200210176 301 1910 4695 23084577 452 1739 4997 2776478 728 1988 4519 31720254 854 2116 4543 46644655 705 2262 5123 65486556 1306 2159 4849 53124707 1582 3140 4246 168145984 
57 4294967295 52053 127131 54084 67287 87990 123693 39396 28227 69652 115232 32230 85310 131683 121013 99886 62966 122464 23669 56917 66872 103870 44450 107698 76352 625 2584 4994 103952051 1626 3091 4399 162454577 652 2987 3696 149320228 828 2085 3973 42676504 1104 3411 4917 202030280 1580 2414 4518 82327181 456 3288 4272 186014707 307 3040 4220 156168484 
57 4294967295 23928 55881 114084 84162 89865 76818 86271 123852 39652 120857 105355 92810 73558 107888 122386 117341 99964 44294 113167 42497 36370 59450 27073 68852 250 3164 4992 172382051 676 2184 3947 54532077 1452 3287 4173 185867103 1053 3060 4618 159852754 1129 2016 4299 34317780 955 2140 4945 50312806 1081 2636 3971 108146582 1582 2988 4819 151284109 
57 4294967295 85803 16506 95334 65412 37365 76818 22521 20727 99652 122732 88480 124685 75433 34763 51136 106091 114964 64919 113167 8747 53245 57575 118948 16352 1075 2365 5043 77268926 151 2661 4795 112522077 1202 2835 5017 133765853 803 3241 4148 179856504 429 2337 3497 71603405 955 2984 3599 149155306 231 3164 3844 170397832 207 3188 4246 174062859 
57 4294967295 40803 104631 27834 22287 59865 74943 39396 101352 131527 64607 17230 32810 24808 12263 71761 134216 118714 53669 15667 10622 55120 130700 58948 95102 475 1986 3522 29988926 1326 2441 4096 84563327 302 2390 5170 80440853 228 1864 3544 15147754 729 3238 4242 180027155 930 2612 4649 106331556 456 1885 5123 20845957 1282 3409 3818 200137234 
57 4294967295 63303 42756 22209 11037 7365 37443 48771 33852 41527 36482 82855 40310 92308 113513 24886 59216 77464 76169 111292 128747 105745 119450 27073 29477 775 2016 4973 35473301 501 2209 4894 59142077 227 3065 4396 159443978 78 2688 5097 116013379 29 2886 3774 137531530 430 2760 3918 122922181 581 1987 3867 30595332 382 3139 4170 167986609 
57 4294967295 20178 89631 78459 22287 50490 41193 48771 99477 60277 103982 86605 45935 105433 83513 8011 25466 36214 109919 133792 57497 15745 113825 64573 98852 200 2810 4699 130204551 1126 2516 4846 94778952 977 3061 4898 160325228 228 3439 4147 203647129 604 1762 4767 5367780 480 2459 3720 86870931 581 2138 3993 48664707 1257 1865 4494 16812234 
57 4294967295 22053 84006 93459 117912 48615 125568 123771 106977 62152 115232 28480 55310 122308 111638 128011 121091 39964 78044 45667 74372 105745 102575 27073 83852 225 2035 4869 38262676 1051 2264 4917 65150202 1177 2484 4118 90553978 1503 3065 4748 160079629 579 3286 4372 186190280 1605 2016 4499 34674681 1581 2188 4421 55374082 1357 3362 4995 196214734 
57 4294967295 27678 117756 69084 41037 129240 5568 67521 48852 17152 81482 86605 83435 9808 57263 53011 64841 75589 128669 73792 117497 13870 102575 92698 111977 300 1840 4748 14243926 1501 2810 4144 129288327 852 2362 4874 76961478 478 2639 4947 109813379 1654 1884 4245 19366530 5 2663 4467 111957806 831 2891 5096 139837207 582 1786 4493 7868484 
57 4294967295 80178 115881 31584 18537 65490 91818 45021 88227 62152 17732 13480 59060 15433 122888 77386 102341 21214 76169 111292 49997 71995 40700 132073 55727 1000 1938 3923 24740801 1476 2615 4396 105913952 352 1861 4745 17220853 178 2484 4168 90615254 804 3139 4124 167910905 1155 3416 4047 200522181 531 2687 5019 115895332 1107 1835 3617 12323484 
57 4294967295 61428 27756 39084 59787 69240 58068 103146 123852 37777 36482 19105 87185 131683 85388 45511 98591 24964 64919 6292 121247 111370 130700 34573 110102 750 3411 3867 200210176 301 1910 4695 23084577 452 1739 4997 2776478 728 1988 4519 31720254 854 2116 4543 46644655 705 2262 5123 65486556 1306 2159 4849 53124707 1582 3140 4246 168145984 
57 4294967295 52053 127131 54084 67287 87990 123693 39396 28227 69652 115232 32230 85310 131683 121013 99886 62966 122464 23669 56917 66872 103870 44450 107698 76352 625 2584 4994 103952051 1626 3091 4399 162454577 652 2987 3696 149320228 828 2085 3973 42676504 1104 3411 4917 202030280 1580 2414 4518 82327181 456 3288 4272 186014707 307 3040 4220 156168484 
57 4294967295 23928 55881 114084 84162 89865 76818 86271 123852 39652 120857 105355 92810 73558 107888 122386 117341 99964 44294 113167 42497 36370 59450 27073 68852 250 3164 4992 172382051 676 2184 3947 54532077 1452 3287 4173 185867103 1053 3060 4618 159852754 1129 2016 4299 34317780 955 2140 4945 50312806 1081 2636 3971 108146582 1582 2988 4819 151284109 
57 4294967295 85803 16506 95334 65412 37365 76818 22521 20727 99652 122732 88480 124685 75433 34763 51136 106091 114964 64919 113167 8747 53245 57575 118948 16352 1075 2365 5043 77268926 151 2661 4795 112522077 1202 2835 5017 133765853 803 3241 4148 179856504 429 2337 3497 71603405 955 2984 3599 149155306 231 3164 3844 170397832 207 3188 4246 174062859 
57 4294967295 40803 104631 27834 22287 59865 74943 39396 101352 131527 64607 17230 32810 24808 12263 71761 134216 118714 53669 15667 10622 55120 130700 58948 95102 475 1986 3522 29988926 1326 2441 4096 84563327 302 2390 5170 80440853 228 1864 3544 15147754 729 3238 4242 180027155 930 2612 4649 106331556 456 1885 5123 20845957 1282 3409 3818 200137234 
57 4294967295 63303 42756 22209 11037 7365 37443 48771 33852 41527 36482 82855 40310 92308 113513 24886 59216 77464 76169 111292 128747 105745 119450 27073 29477 775 2016 4973 35473301 501 2209 4894 59142077 227 3065 4396 159443978 78 2688 5097 116013379 29 2886 3774 137531530 430 2760 3918 122922181 581 1987 3867 30595332 382 3139 4170 167986609 
57 4294967295 20178 89631 78459 22287 50490 41193 48771 99477 60277 103982 86605 45935 105433 83513 8011 25466 36214 109919 133792 57497 15745 113825 64573 98852 200 2810 4699 130204551 1126 2516 4846 94778952 977 3061 4898 160325228 228 3439 4147 203647129 604 1762 4767 5367780 480 2459 3720 86870931 581 2138 3993 48664707 1257 1865 4494 16812234 
