8 4294967295 2538 1174 2474 168 226 507 415366 
8 4294967295 714 1222 1370 16 230 415 428518 
8 4294967295 1434 646 554 76 182 347 62054 
8 4294967295 2058 1414 986 128 246 383 541798 
8 4294967295 1434 2518 1850 76 338 455 1234406 
8 4294967295 1338 1030 650 68 214 355 300070 
8 4294967295 2106 2422 1562 132 330 431 1171334 
8 4294967295 1482 1126 938 80 222 379 363414 
8 4294967295 2250 1318 1034 144 238 387 483382 
8 4294967295 1242 2422 794 60 330 367 1160038 
8 4294967295 2538 1174 2474 168 226 507 415366 
8 4294967295 714 1222 1370 16 230 415 428518 
8 4294967295 1434 646 554 76 182 347 62054 
8 4294967295 2058 1414 986 128 246 383 541798 
8 4294967295 1434 2518 1850 76 338 455 1234406 
8 4294967295 1338 1030 650 68 214 355 300070 
8 4294967295 2106 2422 1562 132 330 431 1171334 
8 4294967295 1482 1126 938 80 222 379 363414 
8 4294967295 2250 1318 1034 144 238 387 483382 
8 4294967295 1242 2422 794 60 330 367 1160038 
