50 4294967295 33861 49902 35451 45684 15261 55986 40086 28624 63917 54829 62534 14242 39371 60775 69932 72460 11921 10093 74426 23230 30890 462 1991 3161 50196103 705 2168 3140 60247838 486 1422 3252 17564385 641 1504 2373 21615972 180 1901 2661 44586635 797 1223 3320 6315326 556 1286 2789 9494262 
50 4294967295 55641 4890 16575 68916 25425 21138 40086 64924 20357 51925 4454 44734 13235 66583 53960 15832 75809 37681 42482 76954 14918 792 1748 2260 35343595 23 2079 2419 54382726 200 1641 2836 29677937 993 2236 3010 63882724 334 1857 2501 41899467 269 1310 2393 10302518 556 2054 3341 54172302 
50 4294967295 57093 55710 42711 70368 54465 6618 47346 60568 29069 41761 32042 49090 20495 69487 33632 8572 4661 12997 75878 18874 27986 814 1703 2263 32826311 793 1814 2617 39515214 596 1267 2503 7915361 1015 1988 2633 49615856 774 1200 2678 4340099 49 1356 2702 13161022 666 2123 3342 57951374 
50 4294967295 42573 29574 61587 54396 63177 53082 5238 75088 58109 60637 77054 25858 7427 50611 27824 39064 4661 56557 17798 37750 16370 594 1642 2441 29242291 397 1837 2263 40370442 882 1927 2305 45466017 773 1462 3073 19890996 906 1989 2462 49415987 753 2208 3360 63013506 28 1662 2614 30686202 
50 4294967295 52737 17958 44163 5028 60273 64698 32826 62020 59561 38857 72698 36022 55343 66583 49604 15832 7565 73981 41030 4354 75902 748 2079 3294 55386035 221 1310 2307 10202722 618 2191 2944 61282653 25 1136 3095 1015964 862 2010 3031 51315687 929 1659 3343 31520594 446 1616 2814 28399786 
50 4294967295 22245 25218 32547 39876 10905 6618 42990 69280 61013 47569 20426 14242 74219 12859 36536 30352 72905 4285 58454 29038 65738 286 1135 3117 1046387 331 1286 3189 9933618 442 2120 3078 57650233 553 1791 3297 39016256 114 1510 2746 22024007 49 1530 3317 23923246 600 1265 2502 7915454 
50 4294967295 57093 46998 73203 60204 9453 35658 61866 37336 63917 41761 75602 34570 21947 40447 4592 49228 39509 27517 26510 20326 65738 814 1487 3161 21249515 661 1683 3189 32600790 1058 1594 2791 27129677 861 1636 3338 30260212 92 1378 2262 13927171 489 1703 2594 33189426 886 1816 2525 39418530 
50 4294967295 44025 68778 73203 7932 63177 54534 57510 5392 61013 9817 52370 36022 77123 33187 65576 75364 56933 49297 23606 46462 19274 616 2212 3055 62664911 991 1152 2986 2172678 1058 1817 3361 40360301 69 1573 3117 26219296 906 1219 3186 6169619 775 1774 2485 36848950 820 1616 2550 28111806 
50 4294967295 44025 6342 65943 35520 60273 13878 63318 37336 13097 17077 40754 72322 62603 50611 59768 34708 56933 4285 11990 24682 19274 616 1636 3141 30032663 45 1837 2391 40510802 948 1135 2485 345117 487 1329 2374 11541512 862 1596 3098 27470943 159 1444 2810 18322398 908 2166 3055 60153574 
50 4294967295 71613 12150 67395 6480 55917 48726 64770 9748 46493 69349 21878 60706 43727 15763 23468 20188 75809 40585 39578 37750 14918 1034 1309 2419 10344027 133 1218 2548 5436774 970 1990 2855 49861705 47 1642 3341 30242304 796 2121 2524 57040923 687 1685 2897 32280474 930 1376 2792 14538026 
50 4294967295 33861 49902 35451 45684 15261 55986 40086 28624 63917 54829 62534 14242 39371 60775 69932 72460 11921 10093 74426 23230 30890 462 1991 3161 50196103 705 2168 3140 60247838 486 1422 3252 17564385 641 1504 2373 21615972 180 1901 2661 44586635 797 1223 3320 6315326 556 1286 2789 9494262 
50 4294967295 55641 4890 16575 68916 25425 21138 40086 64924 20357 51925 4454 44734 13235 66583 53960 15832 75809 37681 42482 76954 14918 792 1748 2260 35343595 23 2079 2419 54382726 200 1641 2836 29677937 993 2236 3010 63882724 334 1857 2501 41899467 269 1310 2393 10302518 556 2054 3341 54172302 
50 4294967295 57093 55710 42711 70368 54465 6618 47346 60568 29069 41761 32042 49090 20495 69487 33632 8572 4661 12997 75878 18874 27986 814 1703 2263 32826311 793 1814 2617 39515214 596 1267 2503 7915361 1015 1988 2633 49615856 774 1200 2678 4340099 49 1356 2702 13161022 666 2123 3342 57951374 
50 4294967295 42573 29574 61587 54396 63177 53082 5238 75088 58109 60637 77054 25858 7427 50611 27824 39064 4661 56557 17798 37750 16370 594 1642 2441 29242291 397 1837 2263 40370442 882 1927 2305 45466017 773 1462 3073 19890996 906 1989 2462 49415987 753 2208 3360 63013506 28 1662 2614 30686202 
50 4294967295 52737 17958 44163 5028 60273 64698 32826 62020 59561 38857 72698 36022 55343 66583 49604 15832 7565 73981 41030 4354 75902 748 2079 3294 55386035 221 1310 2307 10202722 618 2191 2944 61282653 25 1136 3095 1015964 862 2010 3031 51315687 929 1659 3343 31520594 446 1616 2814 28399786 
50 4294967295 22245 25218 32547 39876 10905 6618 42990 69280 61013 47569 20426 14242 74219 12859 36536 30352 72905 4285 58454 29038 65738 286 1135 3117 1046387 331 1286 3189 9933618 442 2120 3078 57650233 553 1791 3297 39016256 114 1510 2746 22024007 49 1530 3317 23923246 600 1265 2502 7915454 
50 4294967295 57093 46998 73203 60204 9453 35658 61866 37336 63917 41761 75602 34570 21947 40447 4592 49228 39509 27517 26510 20326 65738 814 1487 3161 21249515 661 1683 3189 32600790 1058 1594 2791 27129677 861 1636 3338 30260212 92 1378 2262 13927171 489 1703 2594 33189426 886 1816 2525 39418530 
50 4294967295 44025 68778 73203 7932 63177 54534 57510 5392 61013 9817 52370 36022 77123 33187 65576 75364 56933 49297 23606 46462 19274 616 2212 3055 62664911 991 1152 2986 2172678 1058 1817 3361 40360301 69 1573 3117 26219296 906 1219 3186 6169619 775 1774 2485 36848950 820 1616 2550 28111806 
50 4294967295 44025 6342 65943 35520 60273 13878 63318 37336 13097 17077 40754 72322 62603 50611 59768 34708 56933 4285 11990 24682 19274 616 1636 3141 30032663 45 1837 2391 40510802 948 1135 2485 345117 487 1329 2374 11541512 862 1596 3098 27470943 159 1444 2810 18322398 908 2166 3055 60153574 
50 4294967295 71613 12150 67395 6480 55917 48726 64770 9748 46493 69349 21878 60706 43727 15763 23468 20188 75809 40585 39578 37750 14918 1034 1309 2419 10344027 133 1218 2548 5436774 970 1990 2855 49861705 47 1642 3341 30242304 796 2121 2524 57040923 687 1685 2897 32280474 930 1376 2792 14538026 
