22 4294967295 3873 906 3342 4912 1697 4645 2930 5278 2642 110 334 458 526071 11 325 417 481382 92 346 449 560094 
22 4294967295 1173 3006 4242 4612 3497 5845 2030 2578 1142 20 365 399 622071 81 256 477 240782 122 324 428 484394 
22 4294967295 5673 4806 3942 4312 2297 1945 2630 3178 842 170 276 389 296771 141 314 437 450382 112 235 448 163194 
22 4294967295 573 906 5442 1612 4697 1345 3830 2578 3542 0 215 479 95571 11 224 517 139382 162 256 488 243494 
22 4294967295 1473 3906 5442 1012 1397 2545 2030 5878 3542 30 204 479 59771 111 255 428 231582 162 366 407 625394 
22 4294967295 2973 5706 3642 2512 1397 4945 6230 1678 4742 80 335 407 516271 171 254 568 258782 102 226 519 140294 
22 4294967295 573 5106 1842 2812 4997 6145 3830 4678 5942 0 264 527 285571 151 326 488 496082 42 375 559 688794 
22 4294967295 1773 2706 3042 1612 5297 2245 1430 5578 6242 40 224 408 118771 71 245 569 221682 82 356 537 613194 
22 4294967295 4473 5706 1242 2512 3197 4945 2930 778 2342 130 335 439 522471 171 254 467 239782 22 196 458 19794 
22 4294967295 1173 1506 5142 1912 2297 4645 5930 6178 2942 20 234 558 183171 31 325 459 489182 152 376 437 667094 
22 4294967295 3873 906 3342 4912 1697 4645 2930 5278 2642 110 334 458 526071 11 325 417 481382 92 346 449 560094 
22 4294967295 1173 3006 4242 4612 3497 5845 2030 2578 1142 20 365 399 622071 81 256 477 240782 122 324 428 484394 
22 4294967295 5673 4806 3942 4312 2297 1945 2630 3178 842 170 276 389 296771 141 314 437 450382 112 235 448 163194 
22 4294967295 573 906 5442 1612 4697 1345 3830 2578 3542 0 215 479 95571 11 224 517 139382 162 256 488 243494 
22 4294967295 1473 3906 5442 1012 1397 2545 2030 5878 3542 30 204 479 59771 111 255 428 231582 162 366 407 625394 
22 4294967295 2973 5706 3642 2512 1397 4945 6230 1678 4742 80 335 407 516271 171 254 568 258782 102 226 519 140294 
22 4294967295 573 5106 1842 2812 4997 6145 3830 4678 5942 0 264 527 285571 151 326 488 496082 42 375 559 688794 
22 4294967295 1773 2706 3042 1612 5297 2245 1430 5578 6242 40 224 408 118771 71 245 569 221682 82 356 537 613194 
22 4294967295 4473 5706 1242 2512 3197 4945 2930 778 2342 130 335 439 522471 171 254 467 239782 22 196 458 19794 
22 4294967295 1173 1506 5142 1912 2297 4645 5930 6178 2942 20 234 558 183171 31 325 459 489182 152 376 437 667094 
