29 4294967295 19776 5622 15297 23961 26587 11525 22573 22214 4363 3497 27727 21764 455 735 1389 1879788 92 1305 1595 22122622 340 1202 1869 18654587 562 1334 1858 23218447 
29 4294967295 19776 14748 11748 6723 12898 22679 19024 21200 2842 25805 18094 8582 455 954 1520 9736260 326 1111 1881 15464360 249 696 1843 813764 120 1087 1961 14600461 
29 4294967295 24846 22860 7692 25482 15940 6962 10912 28298 2335 9581 16573 22271 585 903 2025 8252778 534 683 1545 158368 145 1032 1871 12711364 601 1048 1478 12910630 
29 4294967295 14706 8157 24423 7737 19489 20144 18517 6497 11461 7046 20629 7568 325 1098 1466 14726154 157 1123 1480 15646711 574 917 1816 8569005 146 1152 1494 16569311 
29 4294967295 14199 8664 21888 10272 21010 14060 21559 5990 25150 18707 19108 5540 312 1268 1660 20798493 170 1162 1442 16991444 509 1113 1779 15396436 211 1176 1453 17457744 
29 4294967295 21804 24381 15804 20919 12391 8483 14461 20693 12982 23777 3391 4526 507 710 1909 1318032 573 941 1830 9491731 353 956 1416 9664632 484 994 1517 11107569 
29 4294967295 7608 14241 12762 14835 8335 15581 6349 7511 9433 7046 25699 24806 143 786 1480 3765152 313 837 1492 5604055 275 1282 1936 21439538 328 865 1699 6658813 
29 4294967295 12678 11199 22902 13314 13912 10511 3814 7511 8419 16172 19108 20243 273 1113 1714 15349426 235 721 1569 1542985 535 980 1819 10853378 289 839 1492 5603746 
29 4294967295 23832 20832 25437 25989 5293 24707 8884 18665 22615 16679 20629 4019 559 759 1727 3023580 482 1203 1403 18340064 600 851 1933 6363555 614 1152 1778 16768731 
29 4294967295 2031 24888 20367 15342 19489 5441 14968 17651 10447 9581 20122 21764 0 1007 1439 11505521 586 891 1858 7681572 470 1139 1545 16151697 341 1123 1752 15833654 
29 4294967295 19776 5622 15297 23961 26587 11525 22573 22214 4363 3497 27727 21764 455 735 1389 1879788 92 1305 1595 22122622 340 1202 1869 18654587 562 1334 1858 23218447 
29 4294967295 19776 14748 11748 6723 12898 22679 19024 21200 2842 25805 18094 8582 455 954 1520 9736260 326 1111 1881 15464360 249 696 1843 813764 120 1087 1961 14600461 
29 4294967295 24846 22860 7692 25482 15940 6962 10912 28298 2335 9581 16573 22271 585 903 2025 8252778 534 683 1545 158368 145 1032 1871 12711364 601 1048 1478 12910630 
29 4294967295 14706 8157 24423 7737 19489 20144 18517 6497 11461 7046 20629 7568 325 1098 1466 14726154 157 1123 1480 15646711 574 917 1816 8569005 146 1152 1494 16569311 
29 4294967295 14199 8664 21888 10272 21010 14060 21559 5990 25150 18707 19108 5540 312 1268 1660 20798493 170 1162 1442 16991444 509 1113 1779 15396436 211 1176 1453 17457744 
29 4294967295 21804 24381 15804 20919 12391 8483 14461 20693 12982 23777 3391 4526 507 710 1909 1318032 573 941 1830 9491731 353 956 1416 9664632 484 994 1517 11107569 
29 4294967295 7608 14241 12762 14835 8335 15581 6349 7511 9433 7046 25699 24806 143 786 1480 3765152 313 837 1492 5604055 275 1282 1936 21439538 328 865 1699 6658813 
29 4294967295 12678 11199 22902 13314 13912 10511 3814 7511 8419 16172 19108 20243 273 1113 1714 15349426 235 721 1569 1542985 535 980 1819 10853378 289 839 1492 5603746 
29 4294967295 23832 20832 25437 25989 5293 24707 8884 18665 22615 16679 20629 4019 559 759 1727 3023580 482 1203 1403 18340064 600 851 1933 6363555 614 1152 1778 16768731 
29 4294967295 2031 24888 20367 15342 19489 5441 14968 17651 10447 9581 20122 21764 0 1007 1439 11505521 586 891 1858 7681572 470 1139 1545 16151697 341 1123 1752 15833654 
