71 4294967295 107976 87891 18795 105381 65115 119988 102786 128829 42435 56949 45634 60956 77539 32315 132412 35294 115210 75752 118189 72965 40444 87476 101083 84689 98296 113615 69562 50258 11134 37946 1116 2097 3559 44018947 900 2183 3124 49244897 157 1784 3153 23966785 1088 1840 3400 28233657 655 2436 3655 65540670 1245 1469 3685 5275431 1060 2620 3529 77056397 1340 2588 3966 75724483 411 2406 3285 63068145 567 2773 3092 86165813 
71 4294967295 107976 59061 64923 96732 56466 82509 13413 10626 28020 85779 25453 69605 129433 32315 117997 52592 37369 107465 43231 47018 126934 73061 124147 116402 92530 113615 75328 96386 8251 35063 1116 1751 3900 23088367 590 2344 3250 59138392 653 2159 3493 47810156 995 2714 3530 82892454 562 2684 3092 80327577 842 2741 3122 84271553 99 2618 3996 77675281 69 1438 3781 3422687 256 1623 3966 15364105 877 1814 3310 26151363 
71 4294967295 102210 79242 53391 7359 44934 36381 19179 120180 108744 28119 11038 14828 57358 113039 74752 124667 132508 130529 100891 32603 77923 70178 26125 87572 43519 53072 40732 99269 94741 49478 1054 2153 3812 48255035 807 2368 4085 62258759 529 2187 3277 49449622 34 1787 3960 25087343 438 1630 4148 15629213 346 1966 2904 35302837 161 2434 3315 65049663 1247 2774 3686 87008545 1124 1468 3095 4450028 257 1817 3499 26391613 
71 4294967295 107976 38880 116817 125562 76647 10434 65307 62520 88563 54066 48517 37892 8347 81326 123763 15113 60433 93050 23050 21071 31795 130721 103966 44327 132892 58838 72445 99269 106273 121553 1116 2128 2971 45143317 373 2467 3221 66872520 1211 2778 3745 87093914 1305 1999 3377 37927264 779 1871 3619 30472819 67 1439 2907 2211763 657 1691 4150 19528054 627 2492 3152 68739935 907 2680 3812 81332911 536 1597 4052 13556497 
71 4294967295 76263 61944 125466 7359 30519 94041 97020 39456 74148 105960 132124 46541 89071 17900 48805 116018 69082 61337 20167 44135 80806 101891 34774 58742 6040 84785 86860 12779 71677 130202 775 1566 2882 9974561 621 2283 3376 55420283 1304 2120 3656 46100537 34 1414 3245 740408 283 1874 4145 31192608 966 2092 2937 43149402 998 2218 3992 52404825 379 1723 3404 20427582 752 2307 3840 58019051 1094 2770 3219 86355130 
71 4294967295 50316 82125 15912 73668 76647 99807 42243 128829 71265 22353 62932 37892 14113 26549 92050 58358 126742 81518 109540 107561 8731 124955 115498 87572 118477 21359 49381 67556 97624 133085 496 1880 3901 30853247 838 2712 3686 83103810 126 2399 3471 63318774 747 2339 4176 60440611 779 1501 3372 6774559 1028 1443 4088 3884864 409 2026 3621 40191476 1340 2527 3030 70535083 721 2591 2974 74321455 195 2623 3152 76510646 
71 4294967295 128157 125370 111051 7359 82413 62328 68190 131712 48201 59832 85996 72488 31411 20783 37273 23762 100795 67103 5752 124859 118285 104774 43423 29912 98296 41540 52264 35843 94741 110021 1333 2433 3466 65302214 1303 1750 2968 21796815 1149 1411 3000 429012 34 1911 3191 31790318 841 2621 3871 77525301 625 2368 3928 62036896 688 2274 3130 55076405 1371 2406 3524 63443864 473 1816 3066 25792877 598 1687 4087 19439739 
71 4294967295 119508 27348 99519 85200 91062 111339 94137 13509 82797 10821 123475 115733 37177 49613 43039 133316 31603 98816 106657 72965 20263 130721 57838 104870 60817 18476 63796 56024 109156 46595 1240 1971 3278 35849486 249 1689 4150 19515401 1025 1749 3246 22177403 871 1812 3807 26843090 934 2003 3989 38780664 1152 2677 2943 80129643 967 2496 3872 69745109 100 2035 3347 39792693 845 1567 4178 11793029 71 2523 3529 71187667 
71 4294967295 84912 73476 122583 30423 111243 99807 59541 53871 88563 42534 126358 23477 28528 118805 57454 49709 11422 67103 46114 98912 109636 93242 26125 96221 40636 122264 63796 105035 14017 115787 868 1500 3808 7382744 745 2035 3747 40374867 1273 1845 3279 28066411 282 1656 3874 17181196 1151 1472 3990 5704966 1028 2528 4022 71909249 595 1630 3466 14682692 534 2708 2997 82143002 907 1967 4059 36920296 412 1786 3779 24839598 
71 4294967295 70497 76359 50508 105381 30519 88275 39360 19275 74148 120375 83113 130148 57358 69794 48805 95837 92146 127646 132604 12422 17380 67295 101083 6848 80998 15593 86860 110801 114922 29297 713 2436 2878 64461339 776 1966 3495 36137818 498 2243 3775 54032631 1088 2220 3468 51672447 283 1536 2818 7926798 904 2775 4117 87603340 378 2585 4144 75954130 162 1874 3060 29675285 752 2283 3936 56202761 1249 2340 2912 58683135 
71 4294967295 107976 87891 18795 105381 65115 119988 102786 128829 42435 56949 45634 60956 77539 32315 132412 35294 115210 75752 118189 72965 40444 87476 101083 84689 98296 113615 69562 50258 11134 37946 1116 2097 3559 44018947 900 2183 3124 49244897 157 1784 3153 23966785 1088 1840 3400 28233657 655 2436 3655 65540670 1245 1469 3685 5275431 1060 2620 3529 77056397 1340 2588 3966 75724483 411 2406 3285 63068145 567 2773 3092 86165813 
71 4294967295 107976 59061 64923 96732 56466 82509 13413 10626 28020 85779 25453 69605 129433 32315 117997 52592 37369 107465 43231 47018 126934 73061 124147 116402 92530 113615 75328 96386 8251 35063 1116 1751 3900 23088367 590 2344 3250 59138392 653 2159 3493 47810156 995 2714 3530 82892454 562 2684 3092 80327577 842 2741 3122 84271553 99 2618 3996 77675281 69 1438 3781 3422687 256 1623 3966 15364105 877 1814 3310 26151363 
71 4294967295 102210 79242 53391 7359 44934 36381 19179 120180 108744 28119 11038 14828 57358 113039 74752 124667 132508 130529 100891 32603 77923 70178 26125 87572 43519 53072 40732 99269 94741 49478 1054 2153 3812 48255035 807 2368 4085 62258759 529 2187 3277 49449622 34 1787 3960 25087343 438 1630 4148 15629213 346 1966 2904 35302837 161 2434 3315 65049663 1247 2774 3686 87008545 1124 1468 3095 4450028 257 1817 3499 26391613 
71 4294967295 107976 38880 116817 125562 76647 10434 65307 62520 88563 54066 48517 37892 8347 81326 123763 15113 60433 93050 23050 21071 31795 130721 103966 44327 132892 58838 72445 99269 106273 121553 1116 2128 2971 45143317 373 2467 3221 66872520 1211 2778 3745 87093914 1305 1999 3377 37927264 779 1871 3619 30472819 67 1439 2907 2211763 657 1691 4150 19528054 627 2492 3152 68739935 907 2680 3812 81332911 536 1597 4052 13556497 
71 4294967295 76263 61944 125466 7359 30519 94041 97020 39456 74148 105960 132124 46541 89071 17900 48805 116018 69082 61337 20167 44135 80806 101891 34774 58742 6040 84785 86860 12779 71677 130202 775 1566 2882 9974561 621 2283 3376 55420283 1304 2120 3656 46100537 34 1414 3245 740408 283 1874 4145 31192608 966 2092 2937 43149402 998 2218 3992 52404825 379 1723 3404 20427582 752 2307 3840 58019051 1094 2770 3219 86355130 
71 4294967295 50316 82125 15912 73668 76647 99807 42243 128829 71265 22353 62932 37892 14113 26549 92050 58358 126742 81518 109540 107561 8731 124955 115498 87572 118477 21359 49381 67556 97624 133085 496 1880 3901 30853247 838 2712 3686 83103810 126 2399 3471 63318774 747 2339 4176 60440611 779 1501 3372 6774559 1028 1443 4088 3884864 409 2026 3621 40191476 1340 2527 3030 70535083 721 2591 2974 74321455 195 2623 3152 76510646 
71 4294967295 128157 125370 111051 7359 82413 62328 68190 131712 48201 59832 85996 72488 31411 20783 37273 23762 100795 67103 5752 124859 118285 104774 43423 29912 98296 41540 52264 35843 94741 110021 1333 2433 3466 65302214 1303 1750 2968 21796815 1149 1411 3000 429012 34 1911 3191 31790318 841 2621 3871 77525301 625 2368 3928 62036896 688 2274 3130 55076405 1371 2406 3524 63443864 473 1816 3066 25792877 598 1687 4087 19439739 
71 4294967295 119508 27348 99519 85200 91062 111339 94137 13509 82797 10821 123475 115733 37177 49613 43039 133316 31603 98816 106657 72965 20263 130721 57838 104870 60817 18476 63796 56024 109156 46595 1240 1971 3278 35849486 249 1689 4150 19515401 1025 1749 3246 22177403 871 1812 3807 26843090 934 2003 3989 38780664 1152 2677 2943 80129643 967 2496 3872 69745109 100 2035 3347 39792693 845 1567 4178 11793029 71 2523 3529 71187667 
71 4294967295 84912 73476 122583 30423 111243 99807 59541 53871 88563 42534 126358 23477 28528 118805 57454 49709 11422 67103 46114 98912 109636 93242 26125 96221 40636 122264 63796 105035 14017 115787 868 1500 3808 7382744 745 2035 3747 40374867 1273 1845 3279 28066411 282 1656 3874 17181196 1151 1472 3990 5704966 1028 2528 4022 71909249 595 1630 3466 14682692 534 2708 2997 82143002 907 1967 4059 36920296 412 1786 3779 24839598 
71 4294967295 70497 76359 50508 105381 30519 88275 39360 19275 74148 120375 83113 130148 57358 69794 48805 95837 92146 127646 132604 12422 17380 67295 101083 6848 80998 15593 86860 110801 114922 29297 713 2436 2878 64461339 776 1966 3495 36137818 498 2243 3775 54032631 1088 2220 3468 51672447 283 1536 2818 7926798 904 2775 4117 87603340 378 2585 4144 75954130 162 1874 3060 29675285 752 2283 3936 56202761 1249 2340 2912 58683135 
