15 4294967295 5127 3978 2263 3332 6109 2018 203 353 629 763694 148 536 691 2922986 
15 4294967295 5715 2508 1381 6125 6256 4811 231 311 824 325928 78 543 762 3024955 
15 4294967295 1305 1920 6379 6566 1111 1577 21 549 608 3062725 50 298 845 165952 
15 4294967295 6156 5007 6673 1127 6109 4958 252 536 769 2945811 197 563 586 3222670 
15 4294967295 4539 891 3145 1862 3316 2312 175 395 643 1261730 1 403 621 1336856 
15 4294967295 3951 6036 5644 5978 3463 1577 147 410 817 1476497 246 514 608 2652457 
15 4294967295 1011 2508 2263 1568 6256 3194 7 543 607 2980258 78 353 685 778893 
15 4294967295 4686 4419 4174 1421 6256 1871 182 543 600 2979474 169 444 622 1832246 
15 4294967295 4686 5742 2557 5978 6844 3194 182 367 685 944357 232 571 817 3371581 
15 4294967295 2334 3390 6085 5684 4492 6575 70 535 803 2954582 120 459 846 2060929 
15 4294967295 5127 3978 2263 3332 6109 2018 203 353 629 763694 148 536 691 2922986 
15 4294967295 5715 2508 1381 6125 6256 4811 231 311 824 325928 78 543 762 3024955 
15 4294967295 1305 1920 6379 6566 1111 1577 21 549 608 3062725 50 298 845 165952 
15 4294967295 6156 5007 6673 1127 6109 4958 252 536 769 2945811 197 563 586 3222670 
15 4294967295 4539 891 3145 1862 3316 2312 175 395 643 1261730 1 403 621 1336856 
15 4294967295 3951 6036 5644 5978 3463 1577 147 410 817 1476497 246 514 608 2652457 
15 4294967295 1011 2508 2263 1568 6256 3194 7 543 607 2980258 78 353 685 778893 
15 4294967295 4686 4419 4174 1421 6256 1871 182 543 600 2979474 169 444 622 1832246 
15 4294967295 4686 5742 2557 5978 6844 3194 182 367 685 944357 232 571 817 3371581 
15 4294967295 2334 3390 6085 5684 4492 6575 70 535 803 2954582 120 459 846 2060929 
