15 4294967295 570 303 940 245 523 842 21 60 89 4684 8 80 118 11063 
15 4294967295 570 303 499 245 964 842 21 59 118 5860 8 81 89 9887 
15 4294967295 276 450 940 686 229 842 7 80 110 10760 15 46 118 2292 
15 4294967295 570 744 499 245 964 401 21 59 97 4978 29 81 89 10034 
15 4294967295 717 156 940 539 376 695 28 53 111 3851 1 80 103 10426 
15 4294967295 276 891 793 539 229 695 7 46 111 1940 36 73 103 8907 
15 4294967295 276 156 499 833 964 695 7 81 111 10760 1 59 117 5722 
15 4294967295 276 891 499 245 670 842 7 67 89 6350 36 59 118 5967 
15 4294967295 276 597 793 245 523 989 7 60 89 4586 22 73 125 9691 
15 4294967295 423 303 646 980 229 842 14 66 118 7575 8 46 124 2537 
15 4294967295 570 303 940 245 523 842 21 60 89 4684 8 80 118 11063 
15 4294967295 570 303 499 245 964 842 21 59 118 5860 8 81 89 9887 
15 4294967295 276 450 940 686 229 842 7 80 110 10760 15 46 118 2292 
15 4294967295 570 744 499 245 964 401 21 59 97 4978 29 81 89 10034 
15 4294967295 717 156 940 539 376 695 28 53 111 3851 1 80 103 10426 
15 4294967295 276 891 793 539 229 695 7 46 111 1940 36 73 103 8907 
15 4294967295 276 156 499 833 964 695 7 81 111 10760 1 59 117 5722 
15 4294967295 276 891 499 245 670 842 7 67 89 6350 36 59 118 5967 
15 4294967295 276 597 793 245 523 989 7 60 89 4586 22 73 125 9691 
15 4294967295 423 303 646 980 229 842 14 66 118 7575 8 46 124 2537 
