29 4294967295 19698 1995 1530 4110 3694 17531 10327 14531 12904 2912 15481 17123 468 538 999 964237 14 774 1297 5266653 2 708 1374 4147211 68 840 1364 6455428 
29 4294967295 11079 5037 17247 16785 17890 1814 19453 10982 15439 9503 8383 12560 247 839 971 6270161 92 942 1206 8231589 405 658 1168 3126958 393 902 1247 7560181 
29 4294967295 4995 9093 4572 10701 13834 7898 7285 20108 16453 8996 17509 4448 91 798 1440 5799158 196 630 1127 2642759 80 865 1155 6818256 237 892 1039 7226744 
29 4294967295 13614 1488 10656 13236 4201 17531 9820 6926 8848 15587 2299 14588 312 551 1102 1243594 1 670 1299 3415596 236 502 1374 448477 302 695 1324 3894740 
29 4294967295 19698 15684 15219 9180 13327 17531 9820 14531 4792 5954 3313 6983 468 785 1297 5503915 365 566 1077 1463139 353 528 1374 912720 198 695 1104 3787087 
29 4294967295 3474 19233 18261 10194 19918 4349 9820 2870 5299 8489 12439 6476 52 579 1142 1721695 456 695 1091 3784185 431 762 998 4896895 224 954 1036 8383380 
29 4294967295 4995 9093 15219 18813 2680 3842 10327 7940 3271 8996 6862 1913 91 512 974 484108 196 527 1023 741847 353 708 1155 4045473 445 619 1128 2414638 
29 4294967295 7023 14163 3558 11208 6229 2321 9820 8447 4285 3419 5341 19151 143 695 1141 3805127 326 553 1012 1200006 54 603 1416 2315758 250 580 984 1649237 
29 4294967295 6516 10107 19782 6138 3187 10940 16918 1856 19495 15080 3820 7490 130 525 1117 784759 222 943 972 8120725 470 541 1311 1114337 120 877 1205 7075151 
29 4294967295 3474 12135 9642 16278 16876 11447 19453 7940 5806 17615 11932 2927 52 749 1000 4660605 274 592 1376 2068497 210 942 1128 8195606 380 876 1218 7084784 
29 4294967295 19698 1995 1530 4110 3694 17531 10327 14531 12904 2912 15481 17123 468 538 999 964237 14 774 1297 5266653 2 708 1374 4147211 68 840 1364 6455428 
29 4294967295 11079 5037 17247 16785 17890 1814 19453 10982 15439 9503 8383 12560 247 839 971 6270161 92 942 1206 8231589 405 658 1168 3126958 393 902 1247 7560181 
29 4294967295 4995 9093 4572 10701 13834 7898 7285 20108 16453 8996 17509 4448 91 798 1440 5799158 196 630 1127 2642759 80 865 1155 6818256 237 892 1039 7226744 
29 4294967295 13614 1488 10656 13236 4201 17531 9820 6926 8848 15587 2299 14588 312 551 1102 1243594 1 670 1299 3415596 236 502 1374 448477 302 695 1324 3894740 
29 4294967295 19698 15684 15219 9180 13327 17531 9820 14531 4792 5954 3313 6983 468 785 1297 5503915 365 566 1077 1463139 353 528 1374 912720 198 695 1104 3787087 
29 4294967295 3474 19233 18261 10194 19918 4349 9820 2870 5299 8489 12439 6476 52 579 1142 1721695 456 695 1091 3784185 431 762 998 4896895 224 954 1036 8383380 
29 4294967295 4995 9093 15219 18813 2680 3842 10327 7940 3271 8996 6862 1913 91 512 974 484108 196 527 1023 741847 353 708 1155 4045473 445 619 1128 2414638 
29 4294967295 7023 14163 3558 11208 6229 2321 9820 8447 4285 3419 5341 19151 143 695 1141 3805127 326 553 1012 1200006 54 603 1416 2315758 250 580 984 1649237 
29 4294967295 6516 10107 19782 6138 3187 10940 16918 1856 19495 15080 3820 7490 130 525 1117 784759 222 943 972 8120725 470 541 1311 1114337 120 877 1205 7075151 
29 4294967295 3474 12135 9642 16278 16876 11447 19453 7940 5806 17615 11932 2927 52 749 1000 4660605 274 592 1376 2068497 210 942 1128 8195606 380 876 1218 7084784 
