71 4294967295 197256 33021 87894 90873 183225 209268 47916 134502 100002 195240 62839 115640 192766 55286 207277 32318 11329 118904 146926 75755 43234 78734 155767 182618 132799 168299 20458 130889 178255 124343 2046 2925 5912 105876502 280 3677 5169 233826957 870 2469 5389 23530398 902 2714 5818 67785441 1895 3924 5982 278995975 2175 2371 6384 9660381 440 4322 5853 348935697 1371 4166 6538 323522084 1000 3829 5421 261454009 2024 4478 4922 373850680 
71 4294967295 110766 15723 151320 206193 18894 174672 30618 134502 59640 79920 178159 216545 86095 98531 89074 159170 164128 12233 126745 101702 57649 147926 150001 26936 210640 125054 8926 24218 184021 115694 1116 3175 6165 149669272 94 3862 4864 265534191 1552 3612 5668 224208340 2142 4228 5819 332699506 128 4165 4706 319231123 1803 4514 4835 379033224 254 4014 6903 297324231 1371 2345 5919 3148709 566 2869 6286 95884280 784 3207 5634 153839340 
71 4294967295 61755 182937 197448 134118 105384 191970 200715 146034 163428 97218 25360 11852 60148 127361 117904 95744 167011 87191 219001 55574 57649 130628 115405 133607 75139 171182 31990 153953 123478 156056 589 3490 6011 203348810 1892 3577 6253 220182679 2048 3517 5512 207646466 1367 2869 6230 95764956 1058 2593 6415 47537203 1989 3057 4702 124686315 2083 4045 5604 299759405 1495 4604 5979 397907328 1682 2522 5172 33862301 970 2896 5944 100509606 
71 4294967295 67521 53202 157086 108171 194757 137193 171885 218109 123066 91452 62839 216545 80329 40871 115021 121691 71872 58361 46021 32510 66298 153692 170182 191267 14596 133703 135778 179900 19690 130109 651 3022 5014 119959957 497 3113 5883 138190159 1614 4079 6227 306591987 1088 2962 5974 111396582 2019 2925 6012 106091894 1400 2406 4924 11654456 1773 2744 6903 75740695 2270 3486 5202 201526978 1248 3709 6509 242361822 908 2461 6631 26414584 
71 4294967295 165543 177171 82128 79341 44841 59352 114225 105672 85587 140463 51307 72395 100510 40871 103489 211064 198724 216926 138277 9446 34585 153692 23149 222980 92437 148118 66586 64580 204202 121460 1705 2621 4676 48926681 1830 3736 5881 246343982 808 3330 6227 176832001 778 2498 5353 28861097 407 2965 6972 113681872 563 3243 5014 157796609 1153 3362 6907 183833975 1061 2801 6167 84800074 845 4386 6844 362065904 1435 4445 5269 369219621 
71 4294967295 96351 18606 56181 217725 188991 125661 148821 76842 108651 102984 178159 161768 16903 199436 11233 49616 181426 69893 132511 44042 54766 196937 100990 96128 187576 24149 14692 214496 209968 75332 961 2431 6692 21154742 125 4507 6314 382440802 529 3674 5385 234339202 2266 3335 6881 178390775 1957 2407 5326 12608697 1276 2370 6719 10425337 1525 2838 5608 88922732 751 4165 5048 320043264 1093 4200 4834 324954967 1032 4266 5108 336413003 
71 4294967295 44457 84915 73479 191778 209172 220800 30618 102789 48108 218304 175276 179066 65914 144659 57361 130340 118000 147734 155575 38276 213331 153692 138469 116309 164512 70277 216502 159719 123478 95513 403 4543 6130 387422594 838 3518 4986 206383680 715 2866 5330 93654568 1987 3738 5976 246565076 2174 4577 6227 393099349 2299 4018 6292 295946125 254 3922 5825 278584731 1030 4134 6163 317240988 442 3577 5602 218624161 2272 2958 6500 112658568 
71 4294967295 208788 41670 61947 90873 53490 16107 163236 151800 149013 33792 143563 49331 221596 69701 57361 219713 198724 95840 172873 214139 132607 121979 46213 67298 52075 110639 127129 104942 60052 112811 2170 3616 5324 223434671 373 2809 6877 86436465 591 2866 5298 93578649 902 2895 5764 100075041 500 3675 5886 235491505 98 4632 5105 401251544 1680 4108 5788 310990612 1557 3793 5605 256498100 1527 2746 6937 75805146 288 4386 5703 359381864 
71 4294967295 174192 168522 18702 139884 65022 39171 47916 62427 30810 77037 166627 109874 71680 14924 158266 162053 192958 196745 123862 9446 11521 87383 92341 150905 121267 217310 81001 47282 100414 164705 1798 3020 6197 122734364 1737 3951 5514 283315574 126 3553 4735 211190634 1429 3242 6317 160850603 624 2373 6346 9540224 346 4041 6690 302228182 440 3120 5083 136314447 596 4324 4676 346201684 256 3581 6911 221645545 753 3329 5756 175749179 
71 4294967295 203022 206001 165735 151416 88086 209268 73863 91257 195141 140463 65722 32033 212947 17807 135202 72680 143947 182330 169990 61340 149905 81617 28915 220097 132799 12617 216502 58814 186904 34970 2108 4259 4766 335653524 2140 3677 5234 234028767 1707 3797 5356 255926145 1553 3703 5207 239344122 872 2560 4710 38161687 2175 4577 6535 393820131 719 4539 6941 389306346 906 2956 4951 109012469 2023 3861 5452 266963422 1435 4077 4919 303559296 
71 4294967295 197256 33021 87894 90873 183225 209268 47916 134502 100002 195240 62839 115640 192766 55286 207277 32318 11329 118904 146926 75755 43234 78734 155767 182618 132799 168299 20458 130889 178255 124343 2046 2925 5912 105876502 280 3677 5169 233826957 870 2469 5389 23530398 902 2714 5818 67785441 1895 3924 5982 278995975 2175 2371 6384 9660381 440 4322 5853 348935697 1371 4166 6538 323522084 1000 3829 5421 261454009 2024 4478 4922 373850680 
71 4294967295 110766 15723 151320 206193 18894 174672 30618 134502 59640 79920 178159 216545 86095 98531 89074 159170 164128 12233 126745 101702 57649 147926 150001 26936 210640 125054 8926 24218 184021 115694 1116 3175 6165 149669272 94 3862 4864 265534191 1552 3612 5668 224208340 2142 4228 5819 332699506 128 4165 4706 319231123 1803 4514 4835 379033224 254 4014 6903 297324231 1371 2345 5919 3148709 566 2869 6286 95884280 784 3207 5634 153839340 
71 4294967295 61755 182937 197448 134118 105384 191970 200715 146034 163428 97218 25360 11852 60148 127361 117904 95744 167011 87191 219001 55574 57649 130628 115405 133607 75139 171182 31990 153953 123478 156056 589 3490 6011 203348810 1892 3577 6253 220182679 2048 3517 5512 207646466 1367 2869 6230 95764956 1058 2593 6415 47537203 1989 3057 4702 124686315 2083 4045 5604 299759405 1495 4604 5979 397907328 1682 2522 5172 33862301 970 2896 5944 100509606 
71 4294967295 67521 53202 157086 108171 194757 137193 171885 218109 123066 91452 62839 216545 80329 40871 115021 121691 71872 58361 46021 32510 66298 153692 170182 191267 14596 133703 135778 179900 19690 130109 651 3022 5014 119959957 497 3113 5883 138190159 1614 4079 6227 306591987 1088 2962 5974 111396582 2019 2925 6012 106091894 1400 2406 4924 11654456 1773 2744 6903 75740695 2270 3486 5202 201526978 1248 3709 6509 242361822 908 2461 6631 26414584 
71 4294967295 165543 177171 82128 79341 44841 59352 114225 105672 85587 140463 51307 72395 100510 40871 103489 211064 198724 216926 138277 9446 34585 153692 23149 222980 92437 148118 66586 64580 204202 121460 1705 2621 4676 48926681 1830 3736 5881 246343982 808 3330 6227 176832001 778 2498 5353 28861097 407 2965 6972 113681872 563 3243 5014 157796609 1153 3362 6907 183833975 1061 2801 6167 84800074 845 4386 6844 362065904 1435 4445 5269 369219621 
71 4294967295 96351 18606 56181 217725 188991 125661 148821 76842 108651 102984 178159 161768 16903 199436 11233 49616 181426 69893 132511 44042 54766 196937 100990 96128 187576 24149 14692 214496 209968 75332 961 2431 6692 21154742 125 4507 6314 382440802 529 3674 5385 234339202 2266 3335 6881 178390775 1957 2407 5326 12608697 1276 2370 6719 10425337 1525 2838 5608 88922732 751 4165 5048 320043264 1093 4200 4834 324954967 1032 4266 5108 336413003 
71 4294967295 44457 84915 73479 191778 209172 220800 30618 102789 48108 218304 175276 179066 65914 144659 57361 130340 118000 147734 155575 38276 213331 153692 138469 116309 164512 70277 216502 159719 123478 95513 403 4543 6130 387422594 838 3518 4986 206383680 715 2866 5330 93654568 1987 3738 5976 246565076 2174 4577 6227 393099349 2299 4018 6292 295946125 254 3922 5825 278584731 1030 4134 6163 317240988 442 3577 5602 218624161 2272 2958 6500 112658568 
71 4294967295 208788 41670 61947 90873 53490 16107 163236 151800 149013 33792 143563 49331 221596 69701 57361 219713 198724 95840 172873 214139 132607 121979 46213 67298 52075 110639 127129 104942 60052 112811 2170 3616 5324 223434671 373 2809 6877 86436465 591 2866 5298 93578649 902 2895 5764 100075041 500 3675 5886 235491505 98 4632 5105 401251544 1680 4108 5788 310990612 1557 3793 5605 256498100 1527 2746 6937 75805146 288 4386 5703 359381864 
71 4294967295 174192 168522 18702 139884 65022 39171 47916 62427 30810 77037 166627 109874 71680 14924 158266 162053 192958 196745 123862 9446 11521 87383 92341 150905 121267 217310 81001 47282 100414 164705 1798 3020 6197 122734364 1737 3951 5514 283315574 126 3553 4735 211190634 1429 3242 6317 160850603 624 2373 6346 9540224 346 4041 6690 302228182 440 3120 5083 136314447 596 4324 4676 346201684 256 3581 6911 221645545 753 3329 5756 175749179 
71 4294967295 203022 206001 165735 151416 88086 209268 73863 91257 195141 140463 65722 32033 212947 17807 135202 72680 143947 182330 169990 61340 149905 81617 28915 220097 132799 12617 216502 58814 186904 34970 2108 4259 4766 335653524 2140 3677 5234 234028767 1707 3797 5356 255926145 1553 3703 5207 239344122 872 2560 4710 38161687 2175 4577 6535 393820131 719 4539 6941 389306346 906 2956 4951 109012469 2023 3861 5452 266963422 1435 4077 4919 303559296 
