22 4294967295 5223 4656 4092 5062 5747 6595 2180 3028 3992 150 384 647 854221 131 316 528 422032 112 435 589 1127444 
22 4294967295 1623 6756 5592 3862 3347 6295 2180 3628 5192 30 425 528 1054621 201 336 629 561932 162 344 567 604744 
22 4294967295 1023 1356 1692 2062 5147 6295 2480 6028 4892 10 416 538 999221 21 425 619 1076132 32 284 627 272244 
22 4294967295 3423 1356 7392 6862 6047 2095 1280 7228 2792 90 285 498 241621 21 444 657 1200932 222 456 549 1234144 
22 4294967295 5523 6756 2292 1162 3347 3895 4880 6628 3092 160 254 618 98321 201 345 567 605132 52 436 559 1119644 
22 4294967295 2823 4956 7092 1162 5447 4795 6080 2728 6392 70 375 637 793421 141 306 669 398132 212 254 658 108444 
22 4294967295 6423 5256 1392 1162 4847 1795 4280 6328 3692 190 254 598 93821 151 275 579 203832 22 426 617 1076144 
22 4294967295 1023 4356 3192 2962 6947 6295 3980 5728 3692 10 314 579 432821 121 406 687 978732 82 425 588 1069544 
22 4294967295 2823 3156 7392 4162 2747 6295 980 7828 1292 70 476 488 1333421 81 425 547 1059932 222 354 499 646144 
22 4294967295 3123 2856 5892 4762 5447 7795 5180 4528 1592 80 366 637 735921 71 374 628 791032 172 475 509 1339244 
22 4294967295 5223 4656 4092 5062 5747 6595 2180 3028 3992 150 384 647 854221 131 316 528 422032 112 435 589 1127444 
22 4294967295 1623 6756 5592 3862 3347 6295 2180 3628 5192 30 425 528 1054621 201 336 629 561932 162 344 567 604744 
22 4294967295 1023 1356 1692 2062 5147 6295 2480 6028 4892 10 416 538 999221 21 425 619 1076132 32 284 627 272244 
22 4294967295 3423 1356 7392 6862 6047 2095 1280 7228 2792 90 285 498 241621 21 444 657 1200932 222 456 549 1234144 
22 4294967295 5523 6756 2292 1162 3347 3895 4880 6628 3092 160 254 618 98321 201 345 567 605132 52 436 559 1119644 
22 4294967295 2823 4956 7092 1162 5447 4795 6080 2728 6392 70 375 637 793421 141 306 669 398132 212 254 658 108444 
22 4294967295 6423 5256 1392 1162 4847 1795 4280 6328 3692 190 254 598 93821 151 275 579 203832 22 426 617 1076144 
22 4294967295 1023 4356 3192 2962 6947 6295 3980 5728 3692 10 314 579 432821 121 406 687 978732 82 425 588 1069544 
22 4294967295 2823 3156 7392 4162 2747 6295 980 7828 1292 70 476 488 1333421 81 425 547 1059932 222 354 499 646144 
22 4294967295 3123 2856 5892 4762 5447 7795 5180 4528 1592 80 366 637 735921 71 374 628 791032 172 475 509 1339244 
