43 4294967295 51759 17163 49713 44358 35754 55311 24037 16784 56587 48251 11161 26651 32881 25628 53518 43016 29752 8381 855 1530 2807 28240442 248 1475 2428 24804103 819 1946 2715 50453173 725 1149 2255 7402138 574 1375 2410 19720922 917 1892 2108 46800636 
43 4294967295 16020 50736 33468 35694 15177 3327 34867 52523 20848 30923 49066 24485 9055 23462 54601 40850 39499 11630 228 1319 2882 17150522 837 1646 2677 34190464 534 1565 2372 29822384 573 1911 2165 47865545 213 1112 2390 5498244 5 1814 2503 43128905 
43 4294967295 29016 32325 15057 27030 46584 35817 40282 11369 42508 45002 39319 22319 24217 14798 41605 31103 25420 7298 456 1378 2220 19527346 514 1660 2160 34681785 211 1699 2352 36895457 421 1683 2089 35617537 764 1399 2750 21082975 575 1643 2506 34013294 
43 4294967295 55008 7416 37800 45441 14094 33651 44614 3788 8935 39587 42568 21236 41545 6134 47020 58178 24337 25709 912 1682 2655 36200853 77 1778 2981 41580495 610 1110 2333 5448386 744 1380 2027 19341491 194 1700 2068 36608141 537 1736 2412 38987152 
43 4294967295 44178 7416 19389 50856 33588 55311 12124 40610 11101 54749 32821 10406 14470 7217 53518 58178 13507 43037 722 1529 2981 28410112 77 1166 2143 8289075 287 1148 2921 8063470 839 1892 2716 47411407 536 1190 2673 9847572 917 1207 2087 10275739 
43 4294967295 48510 53985 50796 44358 59580 7659 42448 35195 6769 38504 37153 22319 3640 11549 16696 13775 40582 15962 798 1072 2241 3328193 894 1246 2163 12379927 838 1605 2352 31837125 725 1698 2636 37192219 992 1017 2578 634130 81 1665 2202 34711829 
43 4294967295 13854 27993 25887 37860 18426 46647 27286 51440 12184 33089 13327 17987 40462 8300 43771 57095 30835 39788 190 1187 2276 9439201 438 1167 2106 8257668 401 1663 2659 35177097 611 1432 2962 23318628 270 1721 2541 38101959 765 1494 2863 26268039 
43 4294967295 21435 34491 48630 41109 23841 22821 5626 12452 7852 45002 31738 16904 45877 9383 53518 52763 25420 19211 323 1399 2257 20577134 552 1091 2750 4854160 800 1052 2179 2256785 668 1758 2886 40482012 365 1510 2298 26700496 347 1892 2125 46808939 
43 4294967295 19269 43155 5310 48690 13011 21738 55444 53606 45757 56915 31738 51560 35047 29960 12364 41933 30835 54950 285 1170 2959 9115745 704 1756 2865 40463561 40 1926 2486 49194727 801 1510 2925 27340168 175 1494 2696 26084630 328 1568 2901 30354198 
43 4294967295 22518 25827 37800 33528 58497 43398 56527 7037 53338 60164 57730 13655 36130 25628 5866 46265 47080 30041 342 1056 2772 2841204 400 1966 2488 51229664 610 1779 3016 41628889 535 1945 2410 50141650 973 1889 2200 46897363 708 1587 2084 30552748 
43 4294967295 51759 17163 49713 44358 35754 55311 24037 16784 56587 48251 11161 26651 32881 25628 53518 43016 29752 8381 855 1530 2807 28240442 248 1475 2428 24804103 819 1946 2715 50453173 725 1149 2255 7402138 574 1375 2410 19720922 917 1892 2108 46800636 
43 4294967295 16020 50736 33468 35694 15177 3327 34867 52523 20848 30923 49066 24485 9055 23462 54601 40850 39499 11630 228 1319 2882 17150522 837 1646 2677 34190464 534 1565 2372 29822384 573 1911 2165 47865545 213 1112 2390 5498244 5 1814 2503 43128905 
43 4294967295 29016 32325 15057 27030 46584 35817 40282 11369 42508 45002 39319 22319 24217 14798 41605 31103 25420 7298 456 1378 2220 19527346 514 1660 2160 34681785 211 1699 2352 36895457 421 1683 2089 35617537 764 1399 2750 21082975 575 1643 2506 34013294 
43 4294967295 55008 7416 37800 45441 14094 33651 44614 3788 8935 39587 42568 21236 41545 6134 47020 58178 24337 25709 912 1682 2655 36200853 77 1778 2981 41580495 610 1110 2333 5448386 744 1380 2027 19341491 194 1700 2068 36608141 537 1736 2412 38987152 
43 4294967295 44178 7416 19389 50856 33588 55311 12124 40610 11101 54749 32821 10406 14470 7217 53518 58178 13507 43037 722 1529 2981 28410112 77 1166 2143 8289075 287 1148 2921 8063470 839 1892 2716 47411407 536 1190 2673 9847572 917 1207 2087 10275739 
43 4294967295 48510 53985 50796 44358 59580 7659 42448 35195 6769 38504 37153 22319 3640 11549 16696 13775 40582 15962 798 1072 2241 3328193 894 1246 2163 12379927 838 1605 2352 31837125 725 1698 2636 37192219 992 1017 2578 634130 81 1665 2202 34711829 
43 4294967295 13854 27993 25887 37860 18426 46647 27286 51440 12184 33089 13327 17987 40462 8300 43771 57095 30835 39788 190 1187 2276 9439201 438 1167 2106 8257668 401 1663 2659 35177097 611 1432 2962 23318628 270 1721 2541 38101959 765 1494 2863 26268039 
43 4294967295 21435 34491 48630 41109 23841 22821 5626 12452 7852 45002 31738 16904 45877 9383 53518 52763 25420 19211 323 1399 2257 20577134 552 1091 2750 4854160 800 1052 2179 2256785 668 1758 2886 40482012 365 1510 2298 26700496 347 1892 2125 46808939 
43 4294967295 19269 43155 5310 48690 13011 21738 55444 53606 45757 56915 31738 51560 35047 29960 12364 41933 30835 54950 285 1170 2959 9115745 704 1756 2865 40463561 40 1926 2486 49194727 801 1510 2925 27340168 175 1494 2696 26084630 328 1568 2901 30354198 
43 4294967295 22518 25827 37800 33528 58497 43398 56527 7037 53338 60164 57730 13655 36130 25628 5866 46265 47080 30041 342 1056 2772 2841204 400 1966 2488 51229664 610 1779 3016 41628889 535 1945 2410 50141650 973 1889 2200 46897363 708 1587 2084 30552748 
