29 4294967295 12288 7767 20484 4812 19606 15698 14578 20303 5494 17810 6043 22895 273 644 1452 2304940 157 877 1506 7697913 483 658 1637 2705160 81 1006 1570 10713578 
29 4294967295 12288 14358 17442 10896 3382 5051 3931 6614 18676 16289 22267 21374 273 604 1179 1261534 326 1074 1467 12150556 405 590 1219 986430 237 982 1598 10133570 
29 4294967295 8232 15879 18456 11910 14029 5558 2410 17261 10564 21866 15169 11741 169 774 1610 5369924 365 565 1351 460657 431 863 1492 7396262 263 892 1192 7827058 
29 4294967295 6204 13344 2739 10389 9466 10121 2410 11684 14620 20345 9085 5150 117 736 1182 4240666 300 746 1309 4612142 28 565 1571 576943 224 878 1349 7613611 
29 4294967295 9753 15879 16428 22050 21634 3530 6973 18275 14113 5642 9085 4136 208 1058 1194 11701847 365 736 1140 4222597 379 682 1518 3236158 523 865 1156 7212912 
29 4294967295 2148 11823 16428 17487 8452 10121 9001 13205 2959 21359 13648 14783 13 579 1597 889058 261 720 1429 4079285 379 734 1309 4315054 406 853 1388 7041039 
29 4294967295 14316 21456 11865 8361 4396 22289 17113 4079 7015 22880 15169 18839 325 616 1154 1546130 508 683 1533 3244932 262 942 1636 9260839 172 892 1621 8060109 
29 4294967295 17358 20442 6288 21543 12508 4544 16099 4079 8536 7670 6043 16811 403 916 1246 8453498 482 658 1166 2449618 119 824 1481 6490760 510 722 1154 3933467 
29 4294967295 11274 11823 19977 9375 2875 22289 1903 8135 11071 14768 21760 19853 247 552 1428 203594 261 1061 1258 11738027 470 577 1621 909197 198 787 1559 5640029 
29 4294967295 11781 20442 14907 2784 1861 18740 8494 6107 6508 9698 21760 17318 260 670 1206 2766141 482 551 1530 263434 340 1061 1298 11760349 29 721 1494 4111762 
29 4294967295 12288 7767 20484 4812 19606 15698 14578 20303 5494 17810 6043 22895 273 644 1452 2304940 157 877 1506 7697913 483 658 1637 2705160 81 1006 1570 10713578 
29 4294967295 12288 14358 17442 10896 3382 5051 3931 6614 18676 16289 22267 21374 273 604 1179 1261534 326 1074 1467 12150556 405 590 1219 986430 237 982 1598 10133570 
29 4294967295 8232 15879 18456 11910 14029 5558 2410 17261 10564 21866 15169 11741 169 774 1610 5369924 365 565 1351 460657 431 863 1492 7396262 263 892 1192 7827058 
29 4294967295 6204 13344 2739 10389 9466 10121 2410 11684 14620 20345 9085 5150 117 736 1182 4240666 300 746 1309 4612142 28 565 1571 576943 224 878 1349 7613611 
29 4294967295 9753 15879 16428 22050 21634 3530 6973 18275 14113 5642 9085 4136 208 1058 1194 11701847 365 736 1140 4222597 379 682 1518 3236158 523 865 1156 7212912 
29 4294967295 2148 11823 16428 17487 8452 10121 9001 13205 2959 21359 13648 14783 13 579 1597 889058 261 720 1429 4079285 379 734 1309 4315054 406 853 1388 7041039 
29 4294967295 14316 21456 11865 8361 4396 22289 17113 4079 7015 22880 15169 18839 325 616 1154 1546130 508 683 1533 3244932 262 942 1636 9260839 172 892 1621 8060109 
29 4294967295 17358 20442 6288 21543 12508 4544 16099 4079 8536 7670 6043 16811 403 916 1246 8453498 482 658 1166 2449618 119 824 1481 6490760 510 722 1154 3933467 
29 4294967295 11274 11823 19977 9375 2875 22289 1903 8135 11071 14768 21760 19853 247 552 1428 203594 261 1061 1258 11738027 470 577 1621 909197 198 787 1559 5640029 
29 4294967295 11781 20442 14907 2784 1861 18740 8494 6107 6508 9698 21760 17318 260 670 1206 2766141 482 551 1530 263434 340 1061 1298 11760349 29 721 1494 4111762 
