71 4294967295 63336 5772 26049 60741 78135 37869 84093 46710 17976 32490 12526 45146 55963 88580 70474 51197 76336 36878 41836 16793 82294 68783 24730 54464 21943 31496 10507 5618 73165 59615 651 1165 2415 6653872 32 1349 2010 11449294 250 1034 2168 2951203 623 1135 2315 5701617 810 1657 2471 20554865 377 1012 2569 2465033 874 1720 2380 22200161 472 1686 2782 21697590 163 1501 2226 15979672 319 1784 1890 23451480 
71 4294967295 63336 43251 5868 40560 81018 86880 14901 58242 9327 29607 50005 62444 70378 68399 73357 56963 27325 77240 13006 34091 24634 80315 39145 5453 85369 37262 19156 48863 52984 22136 651 1164 2565 6798022 435 1437 2196 14229467 33 1320 2355 10901556 406 1688 2442 21378410 841 1656 1888 20008056 904 1817 2068 24507490 130 1469 2693 15546197 596 1039 2501 3279064 70 1105 2660 5136709 288 1193 2230 7334549 
71 4294967295 57570 34602 86592 52092 14709 72465 6252 29412 3561 20958 75952 50912 81910 42452 44527 68495 10027 19580 79315 71570 39049 34187 62209 14102 85369 28613 47986 57512 64516 25019 589 1593 2377 18731720 342 1752 2566 23221544 901 1716 2099 21941524 530 1378 2448 12733254 128 1319 2599 11135143 749 1568 1981 17496995 37 1780 2137 23673374 286 1817 2286 24690144 8 1007 2040 1963487 195 1415 2197 13357136 
71 4294967295 63336 31719 34698 20379 60837 26337 6252 3465 69870 55554 18292 10550 76144 79931 38761 16601 53272 68591 13006 25442 50581 86081 73741 45815 88252 48794 30688 43097 58750 82679 651 1472 2008 14928082 311 1531 2293 16906813 343 1848 2567 25816276 189 1443 2322 14337163 624 1316 2354 10919879 253 1039 1943 2749489 37 1229 2755 8681774 7 1692 2103 21048915 721 1718 2689 22483720 567 1096 2719 5209778 
71 4294967295 31623 17304 86592 26145 8943 78231 75444 35178 61221 3660 84601 22082 44431 56867 73357 59846 12910 65708 7240 68687 39049 71666 24730 54464 16177 31496 82582 43097 50101 48083 310 1038 2067 2866571 156 1688 2415 21341828 901 1377 2473 12773584 251 977 2347 1394415 66 1165 2600 6808721 811 1319 2168 10752697 781 1438 2568 14586158 348 1073 2441 4078616 628 1787 2536 24066487 9 1809 2293 24681560 
71 4294967295 5676 66315 37581 83805 55071 81114 43731 20763 75636 12309 70186 27848 18484 25154 87772 62729 64804 36878 15889 80219 50581 11123 47794 42932 4645 54560 73933 31565 58750 33668 31 1098 2416 4904852 683 1843 2291 25567345 374 1531 2192 16822277 871 1443 2692 14704265 562 1070 2169 3825777 842 949 2504 691988 440 1413 2226 13393557 193 1596 2100 18459981 783 1654 1949 20063922 102 1694 2129 21080693 
71 4294967295 40272 28836 14517 26145 11826 43635 61029 64008 49689 9426 67303 76859 87676 36686 4165 33899 38857 85889 7240 83102 47698 22655 24730 71762 53656 19964 79699 60395 73165 56732 403 1756 2479 23136944 280 1165 2044 6296412 126 944 2073 266169 251 1412 2440 13589505 97 1842 2656 25895142 439 1623 2723 19909105 626 1476 2224 15129123 658 1686 2601 21530376 504 1317 2194 10772013 71 977 2753 1763632 
71 4294967295 74868 14421 80826 57858 3177 63816 9135 32295 43923 18075 35590 30731 87676 22271 47410 85793 53272 39761 73549 13910 70762 28421 79507 51581 62305 43028 7624 69044 55867 25019 775 1500 2099 15883316 125 1282 2572 10241317 839 1409 2069 13261772 592 1472 2257 15156896 4 1569 2384 17848689 656 1842 1979 25278212 68 1690 2292 21223785 317 1660 2135 20222455 442 981 2752 1775131 164 1754 2160 22841245 
71 4294967295 40272 31719 20283 34794 55071 3273 6252 72657 64104 29607 15409 53795 47314 39569 82006 77144 44623 85889 24538 51389 62113 80315 67975 89060 13294 28613 59518 20033 9739 71147 403 1042 2595 3359564 311 1567 2382 17858203 188 1408 2137 13299251 344 1163 2659 6874998 562 1004 2693 2586087 5 1630 2753 19924481 37 1065 2255 3895994 751 1781 2045 23609019 659 1539 2787 17378888 288 1379 2408 12696929 
71 4294967295 25857 37485 5868 78039 75252 55167 43731 14997 61221 69969 24058 48029 30016 36686 21463 33899 84985 88772 82198 65804 67879 11123 50677 5453 13294 43028 19156 60395 73165 53849 248 1686 1949 20912229 373 1130 2346 5722695 33 1222 2409 8364516 809 1158 2292 6543453 779 1042 1888 2708134 563 1813 2537 24929369 440 1783 2784 24291297 131 1105 2224 4734979 628 1444 2479 14494927 722 1629 2194 19427773 
71 4294967295 63336 5772 26049 60741 78135 37869 84093 46710 17976 32490 12526 45146 55963 88580 70474 51197 76336 36878 41836 16793 82294 68783 24730 54464 21943 31496 10507 5618 73165 59615 651 1165 2415 6653872 32 1349 2010 11449294 250 1034 2168 2951203 623 1135 2315 5701617 810 1657 2471 20554865 377 1012 2569 2465033 874 1720 2380 22200161 472 1686 2782 21697590 163 1501 2226 15979672 319 1784 1890 23451480 
71 4294967295 63336 43251 5868 40560 81018 86880 14901 58242 9327 29607 50005 62444 70378 68399 73357 56963 27325 77240 13006 34091 24634 80315 39145 5453 85369 37262 19156 48863 52984 22136 651 1164 2565 6798022 435 1437 2196 14229467 33 1320 2355 10901556 406 1688 2442 21378410 841 1656 1888 20008056 904 1817 2068 24507490 130 1469 2693 15546197 596 1039 2501 3279064 70 1105 2660 5136709 288 1193 2230 7334549 
71 4294967295 57570 34602 86592 52092 14709 72465 6252 29412 3561 20958 75952 50912 81910 42452 44527 68495 10027 19580 79315 71570 39049 34187 62209 14102 85369 28613 47986 57512 64516 25019 589 1593 2377 18731720 342 1752 2566 23221544 901 1716 2099 21941524 530 1378 2448 12733254 128 1319 2599 11135143 749 1568 1981 17496995 37 1780 2137 23673374 286 1817 2286 24690144 8 1007 2040 1963487 195 1415 2197 13357136 
71 4294967295 63336 31719 34698 20379 60837 26337 6252 3465 69870 55554 18292 10550 76144 79931 38761 16601 53272 68591 13006 25442 50581 86081 73741 45815 88252 48794 30688 43097 58750 82679 651 1472 2008 14928082 311 1531 2293 16906813 343 1848 2567 25816276 189 1443 2322 14337163 624 1316 2354 10919879 253 1039 1943 2749489 37 1229 2755 8681774 7 1692 2103 21048915 721 1718 2689 22483720 567 1096 2719 5209778 
71 4294967295 31623 17304 86592 26145 8943 78231 75444 35178 61221 3660 84601 22082 44431 56867 73357 59846 12910 65708 7240 68687 39049 71666 24730 54464 16177 31496 82582 43097 50101 48083 310 1038 2067 2866571 156 1688 2415 21341828 901 1377 2473 12773584 251 977 2347 1394415 66 1165 2600 6808721 811 1319 2168 10752697 781 1438 2568 14586158 348 1073 2441 4078616 628 1787 2536 24066487 9 1809 2293 24681560 
71 4294967295 5676 66315 37581 83805 55071 81114 43731 20763 75636 12309 70186 27848 18484 25154 87772 62729 64804 36878 15889 80219 50581 11123 47794 42932 4645 54560 73933 31565 58750 33668 31 1098 2416 4904852 683 1843 2291 25567345 374 1531 2192 16822277 871 1443 2692 14704265 562 1070 2169 3825777 842 949 2504 691988 440 1413 2226 13393557 193 1596 2100 18459981 783 1654 1949 20063922 102 1694 2129 21080693 
71 4294967295 40272 28836 14517 26145 11826 43635 61029 64008 49689 9426 67303 76859 87676 36686 4165 33899 38857 85889 7240 83102 47698 22655 24730 71762 53656 19964 79699 60395 73165 56732 403 1756 2479 23136944 280 1165 2044 6296412 126 944 2073 266169 251 1412 2440 13589505 97 1842 2656 25895142 439 1623 2723 19909105 626 1476 2224 15129123 658 1686 2601 21530376 504 1317 2194 10772013 71 977 2753 1763632 
71 4294967295 74868 14421 80826 57858 3177 63816 9135 32295 43923 18075 35590 30731 87676 22271 47410 85793 53272 39761 73549 13910 70762 28421 79507 51581 62305 43028 7624 69044 55867 25019 775 1500 2099 15883316 125 1282 2572 10241317 839 1409 2069 13261772 592 1472 2257 15156896 4 1569 2384 17848689 656 1842 1979 25278212 68 1690 2292 21223785 317 1660 2135 20222455 442 981 2752 1775131 164 1754 2160 22841245 
71 4294967295 40272 31719 20283 34794 55071 3273 6252 72657 64104 29607 15409 53795 47314 39569 82006 77144 44623 85889 24538 51389 62113 80315 67975 89060 13294 28613 59518 20033 9739 71147 403 1042 2595 3359564 311 1567 2382 17858203 188 1408 2137 13299251 344 1163 2659 6874998 562 1004 2693 2586087 5 1630 2753 19924481 37 1065 2255 3895994 751 1781 2045 23609019 659 1539 2787 17378888 288 1379 2408 12696929 
71 4294967295 25857 37485 5868 78039 75252 55167 43731 14997 61221 69969 24058 48029 30016 36686 21463 33899 84985 88772 82198 65804 67879 11123 50677 5453 13294 43028 19156 60395 73165 53849 248 1686 1949 20912229 373 1130 2346 5722695 33 1222 2409 8364516 809 1158 2292 6543453 779 1042 1888 2708134 563 1813 2537 24929369 440 1783 2784 24291297 131 1105 2224 4734979 628 1444 2479 14494927 722 1629 2194 19427773 
