43 4294967295 3594 12318 53532 35181 31992 55881 41935 59591 36580 70481 60466 66209 13957 51107 53005 67412 71476 49022 0 2063 3567 65935549 153 1869 3492 51519395 876 2387 3513 90241719 554 1378 3227 13955580 498 1775 3376 44225450 917 2194 3191 75527781 
43 4294967295 3594 42642 54615 24351 57984 17976 47350 29267 33331 8750 71296 59711 41032 50024 31345 64163 64978 21947 0 1718 3456 40008529 685 1964 3378 58557090 895 1853 2716 49168222 364 2384 2484 89003870 954 1683 2844 36433265 252 2273 3208 81269125 
43 4294967295 40416 69717 51366 37347 44988 50466 69010 22769 58240 10916 57217 9893 8542 56522 12934 59831 48733 40358 646 1283 2730 6201962 1160 2137 2522 70437961 838 2344 3039 86806804 592 2155 2504 71837237 726 1360 3380 12707984 822 1988 3322 59924278 
43 4294967295 13341 30729 53532 68754 35241 41802 19192 46595 63655 22829 60466 58628 36700 5621 21598 30590 38986 66350 171 1777 3359 44196490 476 2250 3495 80181712 876 1470 2867 20693625 1143 1512 2429 23041228 555 1817 2731 46318889 670 2194 3148 75477602 
43 4294967295 20922 41559 9129 4857 66648 15810 8362 47678 37663 18497 58300 15308 51862 11036 19432 34922 17326 64184 304 2043 3457 64372058 666 1437 2599 17505614 97 1280 3167 6714622 22 2156 2943 72349496 1106 1474 2655 20447824 214 1794 2524 44629430 
43 4294967295 50163 3654 4797 69837 34158 29889 40852 52010 14920 11999 60466 13142 22621 26198 6436 40337 27073 42524 817 1395 2790 14870294 1 1530 2541 24588795 21 1608 3038 30911730 1162 2194 3243 75600662 536 1246 3077 3743632 461 1850 2561 48978036 
43 4294967295 30669 25314 34038 60090 24411 20142 53848 69338 57157 71564 5233 4478 28036 64103 41092 68495 23824 16532 475 1551 2621 26121581 381 1225 2409 1511870 534 2078 3532 67333020 991 1625 3586 33022517 365 2136 3455 71537266 290 1854 3547 50157423 
43 4294967295 37167 12318 63279 7023 36324 24474 13777 35765 58240 30410 23644 39134 16123 52190 34594 20843 9745 17615 589 1416 2864 16389743 153 1375 3017 13697786 1047 1304 2696 7596906 60 1740 3246 41192308 574 1548 2958 26532840 366 2155 2640 71992147 
43 4294967295 24171 56721 15627 13521 22245 40719 37603 68255 21418 19580 20395 48881 47530 4538 69250 63080 36820 10034 361 1491 3528 22912652 932 1967 2674 57720292 211 2348 2410 86044372 174 1779 3437 44287522 327 1509 2507 23116697 651 1793 3188 45433738 
43 4294967295 47997 40476 34038 31932 62316 28806 64678 71504 33331 43406 5233 40217 10708 14285 46507 28424 58480 60935 779 1225 3400 2702067 647 2268 3092 81140167 534 1718 3585 40177878 497 2159 3036 72472236 1030 1949 2829 56471292 442 1321 2581 8881766 
43 4294967295 3594 12318 53532 35181 31992 55881 41935 59591 36580 70481 60466 66209 13957 51107 53005 67412 71476 49022 0 2063 3567 65935549 153 1869 3492 51519395 876 2387 3513 90241719 554 1378 3227 13955580 498 1775 3376 44225450 917 2194 3191 75527781 
43 4294967295 3594 42642 54615 24351 57984 17976 47350 29267 33331 8750 71296 59711 41032 50024 31345 64163 64978 21947 0 1718 3456 40008529 685 1964 3378 58557090 895 1853 2716 49168222 364 2384 2484 89003870 954 1683 2844 36433265 252 2273 3208 81269125 
43 4294967295 40416 69717 51366 37347 44988 50466 69010 22769 58240 10916 57217 9893 8542 56522 12934 59831 48733 40358 646 1283 2730 6201962 1160 2137 2522 70437961 838 2344 3039 86806804 592 2155 2504 71837237 726 1360 3380 12707984 822 1988 3322 59924278 
43 4294967295 13341 30729 53532 68754 35241 41802 19192 46595 63655 22829 60466 58628 36700 5621 21598 30590 38986 66350 171 1777 3359 44196490 476 2250 3495 80181712 876 1470 2867 20693625 1143 1512 2429 23041228 555 1817 2731 46318889 670 2194 3148 75477602 
43 4294967295 20922 41559 9129 4857 66648 15810 8362 47678 37663 18497 58300 15308 51862 11036 19432 34922 17326 64184 304 2043 3457 64372058 666 1437 2599 17505614 97 1280 3167 6714622 22 2156 2943 72349496 1106 1474 2655 20447824 214 1794 2524 44629430 
43 4294967295 50163 3654 4797 69837 34158 29889 40852 52010 14920 11999 60466 13142 22621 26198 6436 40337 27073 42524 817 1395 2790 14870294 1 1530 2541 24588795 21 1608 3038 30911730 1162 2194 3243 75600662 536 1246 3077 3743632 461 1850 2561 48978036 
43 4294967295 30669 25314 34038 60090 24411 20142 53848 69338 57157 71564 5233 4478 28036 64103 41092 68495 23824 16532 475 1551 2621 26121581 381 1225 2409 1511870 534 2078 3532 67333020 991 1625 3586 33022517 365 2136 3455 71537266 290 1854 3547 50157423 
43 4294967295 37167 12318 63279 7023 36324 24474 13777 35765 58240 30410 23644 39134 16123 52190 34594 20843 9745 17615 589 1416 2864 16389743 153 1375 3017 13697786 1047 1304 2696 7596906 60 1740 3246 41192308 574 1548 2958 26532840 366 2155 2640 71992147 
43 4294967295 24171 56721 15627 13521 22245 40719 37603 68255 21418 19580 20395 48881 47530 4538 69250 63080 36820 10034 361 1491 3528 22912652 932 1967 2674 57720292 211 2348 2410 86044372 174 1779 3437 44287522 327 1509 2507 23116697 651 1793 3188 45433738 
43 4294967295 47997 40476 34038 31932 62316 28806 64678 71504 33331 43406 5233 40217 10708 14285 46507 28424 58480 60935 779 1225 3400 2702067 647 2268 3092 81140167 534 1718 3585 40177878 497 2159 3036 72472236 1030 1949 2829 56471292 442 1321 2581 8881766 
