50 4294967295 37425 5550 49179 24564 56577 85686 79950 17668 89261 65653 37058 87502 41483 48367 72044 51340 5321 83353 34430 12274 24290 506 2543 3251 98093887 23 2606 3184 103397582 684 2013 3714 55494673 311 2058 2703 57730292 796 2275 2991 76134415 1237 1466 3975 10837030 1150 1548 3144 16917062 
50 4294967295 33069 50562 17235 28920 40605 69714 63978 72844 58769 39517 79166 22162 31319 75955 28484 46984 27101 19465 75086 86326 83822 440 1879 3033 43768275 705 2431 3097 88886778 200 1616 3760 23125721 377 2588 3822 102460604 554 1992 3513 53425135 995 1575 3054 18596518 908 2384 3893 86352186 
50 4294967295 75177 41850 66603 5688 68193 31962 17514 91720 44249 61297 41414 49750 9539 81763 66236 64408 40169 51409 47498 5014 53330 1078 2209 2767 70442483 573 2256 3250 74682830 948 2034 3231 56651917 25 2519 3293 96341392 972 1356 3342 970183 423 2059 3431 58707050 204 2670 3626 109394942 
50 4294967295 30165 75246 25947 52152 23181 71166 5898 17668 92165 84529 38510 48298 82139 36751 15416 22300 40169 7849 46046 25342 75110 396 1548 3231 17018563 1079 1664 2856 25536502 332 1837 3206 40400165 729 1399 3867 5275340 290 2012 3320 54954575 1017 2561 4019 100939438 28 1618 3761 23121942 
50 4294967295 79533 62178 52083 59412 89973 8730 39294 58324 19565 48229 50126 74434 24059 10615 92372 65860 16937 64477 8294 67450 15578 1144 2302 3382 78474463 881 2011 2748 54199950 728 2408 2879 86791081 839 1441 2987 7698728 1302 2278 2919 76056975 71 2257 4022 75705130 534 2164 2859 66946690 
50 4294967295 82437 53466 8523 17304 81261 87138 45102 56872 7949 78721 10922 32326 25511 14971 38648 44080 76469 65929 69278 84874 70754 1188 1507 3208 13404535 749 1948 3672 50034162 68 2566 3009 99560453 201 2473 3695 93274768 1170 2142 2788 65071143 1259 2279 3781 77207466 622 1770 2743 34383654 
50 4294967295 89697 76698 27399 62316 11565 46482 84306 75748 25373 39517 19634 4738 60359 13519 8156 73120 59045 87709 31526 81970 11222 1298 1485 3100 11458371 1101 2428 3517 89456446 354 1879 3007 43736861 883 2388 3537 85879248 114 1352 2746 154159 643 2522 2920 95853082 1216 2609 2793 102892402 
50 4294967295 46137 38946 82575 78288 33345 29058 74142 77200 15209 26449 53030 19258 56003 23683 58976 86188 41621 80449 57662 61642 11222 638 2586 3426 101934911 529 1572 3253 18851978 1190 2499 3516 94861297 1125 1681 3471 28165152 444 1639 3496 24577767 379 2450 2793 90267238 1062 2214 2853 70560234 
50 4294967295 34521 81054 82575 5688 37701 63906 87210 80104 25373 4669 50126 32326 58907 26587 56072 68764 66305 44149 67826 7918 41714 462 1949 3650 49998323 1167 2322 3255 80098790 1190 1351 3382 1034025 25 1400 3007 4108416 510 1770 3627 35562147 907 1683 3472 28160358 1260 2494 3515 94862842 
50 4294967295 54849 86862 25947 82644 62385 17442 65430 59776 15209 64201 31250 42490 47291 6259 45908 52792 11129 76093 30074 71806 73658 770 1924 2791 47052699 1255 1375 3078 2423082 332 2368 3318 83770921 1191 2186 3739 69943064 884 2433 2853 88565955 203 2253 3339 74792790 930 2080 3096 60076310 
50 4294967295 37425 5550 49179 24564 56577 85686 79950 17668 89261 65653 37058 87502 41483 48367 72044 51340 5321 83353 34430 12274 24290 506 2543 3251 98093887 23 2606 3184 103397582 684 2013 3714 55494673 311 2058 2703 57730292 796 2275 2991 76134415 1237 1466 3975 10837030 1150 1548 3144 16917062 
50 4294967295 33069 50562 17235 28920 40605 69714 63978 72844 58769 39517 79166 22162 31319 75955 28484 46984 27101 19465 75086 86326 83822 440 1879 3033 43768275 705 2431 3097 88886778 200 1616 3760 23125721 377 2588 3822 102460604 554 1992 3513 53425135 995 1575 3054 18596518 908 2384 3893 86352186 
50 4294967295 75177 41850 66603 5688 68193 31962 17514 91720 44249 61297 41414 49750 9539 81763 66236 64408 40169 51409 47498 5014 53330 1078 2209 2767 70442483 573 2256 3250 74682830 948 2034 3231 56651917 25 2519 3293 96341392 972 1356 3342 970183 423 2059 3431 58707050 204 2670 3626 109394942 
50 4294967295 30165 75246 25947 52152 23181 71166 5898 17668 92165 84529 38510 48298 82139 36751 15416 22300 40169 7849 46046 25342 75110 396 1548 3231 17018563 1079 1664 2856 25536502 332 1837 3206 40400165 729 1399 3867 5275340 290 2012 3320 54954575 1017 2561 4019 100939438 28 1618 3761 23121942 
50 4294967295 79533 62178 52083 59412 89973 8730 39294 58324 19565 48229 50126 74434 24059 10615 92372 65860 16937 64477 8294 67450 15578 1144 2302 3382 78474463 881 2011 2748 54199950 728 2408 2879 86791081 839 1441 2987 7698728 1302 2278 2919 76056975 71 2257 4022 75705130 534 2164 2859 66946690 
50 4294967295 82437 53466 8523 17304 81261 87138 45102 56872 7949 78721 10922 32326 25511 14971 38648 44080 76469 65929 69278 84874 70754 1188 1507 3208 13404535 749 1948 3672 50034162 68 2566 3009 99560453 201 2473 3695 93274768 1170 2142 2788 65071143 1259 2279 3781 77207466 622 1770 2743 34383654 
50 4294967295 89697 76698 27399 62316 11565 46482 84306 75748 25373 39517 19634 4738 60359 13519 8156 73120 59045 87709 31526 81970 11222 1298 1485 3100 11458371 1101 2428 3517 89456446 354 1879 3007 43736861 883 2388 3537 85879248 114 1352 2746 154159 643 2522 2920 95853082 1216 2609 2793 102892402 
50 4294967295 46137 38946 82575 78288 33345 29058 74142 77200 15209 26449 53030 19258 56003 23683 58976 86188 41621 80449 57662 61642 11222 638 2586 3426 101934911 529 1572 3253 18851978 1190 2499 3516 94861297 1125 1681 3471 28165152 444 1639 3496 24577767 379 2450 2793 90267238 1062 2214 2853 70560234 
50 4294967295 34521 81054 82575 5688 37701 63906 87210 80104 25373 4669 50126 32326 58907 26587 56072 68764 66305 44149 67826 7918 41714 462 1949 3650 49998323 1167 2322 3255 80098790 1190 1351 3382 1034025 25 1400 3007 4108416 510 1770 3627 35562147 907 1683 3472 28160358 1260 2494 3515 94862842 
50 4294967295 54849 86862 25947 82644 62385 17442 65430 59776 15209 64201 31250 42490 47291 6259 45908 52792 11129 76093 30074 71806 73658 770 1924 2791 47052699 1255 1375 3078 2423082 332 2368 3318 83770921 1191 2186 3739 69943064 884 2433 2853 88565955 203 2253 3339 74792790 930 2080 3096 60076310 
