50 4294967295 18021 3570 9447 34200 45885 5298 32958 40372 29201 30277 43790 17278 36599 27511 25052 37744 3341 11677 42614 32074 39734 242 1222 1935 11590459 23 1262 1887 12485882 112 1067 1978 8361741 487 1109 1383 8895132 664 1136 1712 9589211 49 827 1996 3258998 468 912 1775 4978674 
50 4294967295 16569 3570 25419 6612 44433 8202 15534 12784 39365 46249 19106 5662 10463 11539 33764 31936 42545 29101 25190 34978 20858 220 844 1491 3382787 23 1180 1649 10460342 354 825 1844 3160677 69 1351 1929 14377400 642 1091 1714 8658479 93 736 1622 1144402 204 1134 1977 9759142 
50 4294967295 12213 41322 42843 25488 15393 35790 44574 31660 10325 18661 4586 14374 11915 20251 27956 23224 22217 46525 25190 30622 9242 154 1002 1402 6577187 595 1114 1489 8972526 618 933 1473 5237037 355 1130 1513 9447376 202 868 1669 3967551 511 957 1714 5864854 644 1355 1756 14270022 
50 4294967295 25281 29706 12351 42912 22653 37242 11178 5524 40817 14305 17654 34702 45311 15895 25052 8704 3341 18937 22286 36430 20858 352 782 1649 2095347 419 891 1383 4242394 156 937 1600 5316897 619 734 1951 1381032 312 1176 1670 10481707 533 1202 2019 11191758 138 867 1712 3996154 
50 4294967295 23829 16638 12351 3708 27009 34338 37314 21496 19037 40441 14750 46318 43859 8635 11984 10156 26573 45073 36806 20458 33926 330 1333 1890 13888007 221 804 1514 2467566 156 1352 1621 14169257 25 781 1847 2223192 378 1263 1735 12388667 489 976 1997 6524546 534 960 1556 5760334 
50 4294967295 3501 9378 12351 38556 27009 41598 40218 28756 30653 17209 7490 15826 36599 26059 46832 21772 23669 2965 32450 8842 6338 22 695 1797 332619 111 890 1824 4535698 156 1086 1691 8632781 553 1045 1887 7846304 378 911 1446 4751631 599 980 2042 6556974 578 784 1429 1950286 
50 4294967295 38349 31158 15255 3708 45885 18366 28602 41824 23393 44797 33626 2758 30791 24607 10532 40648 38189 43621 20834 7390 35378 550 762 1842 1769615 441 1284 1869 12945198 200 1023 1799 7313397 25 1266 1911 12500932 664 692 1492 136691 247 1311 1687 13286026 402 1329 1648 13724554 
50 4294967295 15117 38418 37035 45816 13941 24174 34410 18592 21941 17209 7490 44866 23531 11539 42476 31936 9149 27649 33902 5938 3434 198 1330 1665 13735063 551 740 1471 1049446 530 1134 1976 9766309 663 911 1689 4922944 180 825 1846 3156851 335 1069 1385 7961542 490 932 1446 5219222 
50 4294967295 36897 34062 42843 15324 41529 18366 3918 24400 14681 38989 26366 36154 33695 2827 10532 27580 7697 45073 41162 5938 9242 528 1198 1956 11146631 485 1241 1473 11745846 618 693 1492 135677 201 740 1449 1026744 598 1068 1843 8282411 247 1020 1555 7149390 28 1333 1732 13776342 
50 4294967295 16569 41322 6543 31296 35721 3846 34410 46180 30653 44797 14750 25990 10463 5731 41024 13060 16409 39265 29546 3034 23762 220 737 1491 1057167 595 696 1581 195186 68 1329 1780 13807225 443 1044 1954 7888896 510 1350 1556 14132035 27 1245 1797 11960834 490 848 1693 3523770 
50 4294967295 18021 3570 9447 34200 45885 5298 32958 40372 29201 30277 43790 17278 36599 27511 25052 37744 3341 11677 42614 32074 39734 242 1222 1935 11590459 23 1262 1887 12485882 112 1067 1978 8361741 487 1109 1383 8895132 664 1136 1712 9589211 49 827 1996 3258998 468 912 1775 4978674 
50 4294967295 16569 3570 25419 6612 44433 8202 15534 12784 39365 46249 19106 5662 10463 11539 33764 31936 42545 29101 25190 34978 20858 220 844 1491 3382787 23 1180 1649 10460342 354 825 1844 3160677 69 1351 1929 14377400 642 1091 1714 8658479 93 736 1622 1144402 204 1134 1977 9759142 
50 4294967295 12213 41322 42843 25488 15393 35790 44574 31660 10325 18661 4586 14374 11915 20251 27956 23224 22217 46525 25190 30622 9242 154 1002 1402 6577187 595 1114 1489 8972526 618 933 1473 5237037 355 1130 1513 9447376 202 868 1669 3967551 511 957 1714 5864854 644 1355 1756 14270022 
50 4294967295 25281 29706 12351 42912 22653 37242 11178 5524 40817 14305 17654 34702 45311 15895 25052 8704 3341 18937 22286 36430 20858 352 782 1649 2095347 419 891 1383 4242394 156 937 1600 5316897 619 734 1951 1381032 312 1176 1670 10481707 533 1202 2019 11191758 138 867 1712 3996154 
50 4294967295 23829 16638 12351 3708 27009 34338 37314 21496 19037 40441 14750 46318 43859 8635 11984 10156 26573 45073 36806 20458 33926 330 1333 1890 13888007 221 804 1514 2467566 156 1352 1621 14169257 25 781 1847 2223192 378 1263 1735 12388667 489 976 1997 6524546 534 960 1556 5760334 
50 4294967295 3501 9378 12351 38556 27009 41598 40218 28756 30653 17209 7490 15826 36599 26059 46832 21772 23669 2965 32450 8842 6338 22 695 1797 332619 111 890 1824 4535698 156 1086 1691 8632781 553 1045 1887 7846304 378 911 1446 4751631 599 980 2042 6556974 578 784 1429 1950286 
50 4294967295 38349 31158 15255 3708 45885 18366 28602 41824 23393 44797 33626 2758 30791 24607 10532 40648 38189 43621 20834 7390 35378 550 762 1842 1769615 441 1284 1869 12945198 200 1023 1799 7313397 25 1266 1911 12500932 664 692 1492 136691 247 1311 1687 13286026 402 1329 1648 13724554 
50 4294967295 15117 38418 37035 45816 13941 24174 34410 18592 21941 17209 7490 44866 23531 11539 42476 31936 9149 27649 33902 5938 3434 198 1330 1665 13735063 551 740 1471 1049446 530 1134 1976 9766309 663 911 1689 4922944 180 825 1846 3156851 335 1069 1385 7961542 490 932 1446 5219222 
50 4294967295 36897 34062 42843 15324 41529 18366 3918 24400 14681 38989 26366 36154 33695 2827 10532 27580 7697 45073 41162 5938 9242 528 1198 1956 11146631 485 1241 1473 11745846 618 693 1492 135677 201 740 1449 1026744 598 1068 1843 8282411 247 1020 1555 7149390 28 1333 1732 13776342 
50 4294967295 16569 41322 6543 31296 35721 3846 34410 46180 30653 44797 14750 25990 10463 5731 41024 13060 16409 39265 29546 3034 23762 220 737 1491 1057167 595 696 1581 195186 68 1329 1780 13807225 443 1044 1954 7888896 510 1350 1556 14132035 27 1245 1797 11960834 490 848 1693 3523770 
