50 4294967295 13863 79272 44493 41658 78027 70836 69456 28954 17783 65323 83192 33448 19373 49489 35414 81502 23867 43819 77660 59860 26864 154 2165 2944 64406189 1145 2410 2815 80961432 618 1839 3584 42435055 575 1925 2677 47394142 1126 2082 2701 58058137 1017 1614 3668 27374012 996 1682 2769 30815760 
50 4294967295 54519 64752 51753 43110 37371 30180 56388 62350 45371 81295 4784 39256 64385 77077 15086 42298 50003 51079 73304 32272 58808 770 1816 2480 39565373 925 2343 3095 76755472 728 1770 3299 37531651 597 2407 3383 81654082 510 1949 3165 49506825 401 1664 2636 29122220 798 2120 3518 62089420 
50 4294967295 63231 41520 74985 57630 48987 79548 37512 53638 16331 8695 61412 29092 65837 13189 70262 11806 4991 59791 83468 39532 23960 902 1616 2483 25907861 573 1774 2771 36877744 1080 1354 2655 7914723 817 1988 3338 52766058 686 1307 3405 5791945 1149 1375 3472 10436916 512 2081 3672 59237208 
50 4294967295 16767 38616 64821 41658 72219 50508 54936 84130 9071 59515 20756 46516 45509 24805 15086 78598 13703 75763 31196 7588 57356 198 1551 2636 21528629 529 2077 2545 57855272 926 2323 2615 74641383 575 1290 3097 3892222 1038 2366 2722 77815017 709 2450 3277 84556676 776 1880 2880 44606856 
50 4294967295 26931 34260 48849 76506 6879 72288 73812 59446 39563 55159 51248 26188 22277 61105 58646 66982 44195 46723 31196 65668 54452 352 2170 3233 64762897 463 1883 2745 44437340 684 2190 3007 66016987 1103 1572 3184 23743966 48 2101 3077 60013013 1039 2076 3296 58788032 1062 2011 2880 53720092 
50 4294967295 25479 9576 69177 77958 30111 24372 79620 34762 51179 17407 42536 33448 54221 84337 71714 46654 60167 40915 73304 11944 21056 330 1356 3229 8602925 89 1682 3319 31473400 992 2453 3183 84454483 1125 1882 3494 45373442 400 1702 3052 32672821 313 1795 3518 39311388 1150 1439 2727 14068876 
50 4294967295 19671 34260 6741 51822 9783 83904 69456 68158 67151 71131 19304 77008 39701 16093 81878 33586 23867 30751 48620 75832 22508 242 1641 3144 28224285 463 2253 3425 71080572 46 1684 3009 31092999 729 2208 3648 68321818 92 1419 2700 12500669 1215 2324 2769 74837472 996 2342 2749 76323376 
50 4294967295 28383 32808 51753 67794 3975 50508 36060 21694 14879 31927 26564 77008 44057 59653 35414 84406 31127 69955 58784 13396 79136 374 2454 2944 84142741 441 1378 2879 9689528 728 2342 3607 77374531 971 1659 3075 29676838 4 1504 3298 19301837 709 2235 2633 68592420 490 2079 2810 58179668 
50 4294967295 71943 6672 34329 22782 27207 28728 49128 79774 33755 17407 4784 46516 19373 59653 57194 58270 31127 32203 37004 13396 51548 1034 2058 3274 57242989 45 2079 2701 58034352 464 1378 2879 9690035 289 1439 2480 13751786 356 1880 3189 44977069 379 1663 2919 29474088 688 2384 2968 79623288 
50 4294967295 73395 70560 51753 54726 79479 59220 72360 43474 58439 7243 70124 56680 10661 42229 19442 17614 22415 29299 54428 77284 37028 1056 1442 2569 13877073 1013 1285 2747 3468192 728 2034 3232 55664227 773 1815 3470 40785122 1148 2346 2702 76272509 841 1834 3293 42087612 1040 1619 2969 26507192 
50 4294967295 13863 79272 44493 41658 78027 70836 69456 28954 17783 65323 83192 33448 19373 49489 35414 81502 23867 43819 77660 59860 26864 154 2165 2944 64406189 1145 2410 2815 80961432 618 1839 3584 42435055 575 1925 2677 47394142 1126 2082 2701 58058137 1017 1614 3668 27374012 996 1682 2769 30815760 
50 4294967295 54519 64752 51753 43110 37371 30180 56388 62350 45371 81295 4784 39256 64385 77077 15086 42298 50003 51079 73304 32272 58808 770 1816 2480 39565373 925 2343 3095 76755472 728 1770 3299 37531651 597 2407 3383 81654082 510 1949 3165 49506825 401 1664 2636 29122220 798 2120 3518 62089420 
50 4294967295 63231 41520 74985 57630 48987 79548 37512 53638 16331 8695 61412 29092 65837 13189 70262 11806 4991 59791 83468 39532 23960 902 1616 2483 25907861 573 1774 2771 36877744 1080 1354 2655 7914723 817 1988 3338 52766058 686 1307 3405 5791945 1149 1375 3472 10436916 512 2081 3672 59237208 
50 4294967295 16767 38616 64821 41658 72219 50508 54936 84130 9071 59515 20756 46516 45509 24805 15086 78598 13703 75763 31196 7588 57356 198 1551 2636 21528629 529 2077 2545 57855272 926 2323 2615 74641383 575 1290 3097 3892222 1038 2366 2722 77815017 709 2450 3277 84556676 776 1880 2880 44606856 
50 4294967295 26931 34260 48849 76506 6879 72288 73812 59446 39563 55159 51248 26188 22277 61105 58646 66982 44195 46723 31196 65668 54452 352 2170 3233 64762897 463 1883 2745 44437340 684 2190 3007 66016987 1103 1572 3184 23743966 48 2101 3077 60013013 1039 2076 3296 58788032 1062 2011 2880 53720092 
50 4294967295 25479 9576 69177 77958 30111 24372 79620 34762 51179 17407 42536 33448 54221 84337 71714 46654 60167 40915 73304 11944 21056 330 1356 3229 8602925 89 1682 3319 31473400 992 2453 3183 84454483 1125 1882 3494 45373442 400 1702 3052 32672821 313 1795 3518 39311388 1150 1439 2727 14068876 
50 4294967295 19671 34260 6741 51822 9783 83904 69456 68158 67151 71131 19304 77008 39701 16093 81878 33586 23867 30751 48620 75832 22508 242 1641 3144 28224285 463 2253 3425 71080572 46 1684 3009 31092999 729 2208 3648 68321818 92 1419 2700 12500669 1215 2324 2769 74837472 996 2342 2749 76323376 
50 4294967295 28383 32808 51753 67794 3975 50508 36060 21694 14879 31927 26564 77008 44057 59653 35414 84406 31127 69955 58784 13396 79136 374 2454 2944 84142741 441 1378 2879 9689528 728 2342 3607 77374531 971 1659 3075 29676838 4 1504 3298 19301837 709 2235 2633 68592420 490 2079 2810 58179668 
50 4294967295 71943 6672 34329 22782 27207 28728 49128 79774 33755 17407 4784 46516 19373 59653 57194 58270 31127 32203 37004 13396 51548 1034 2058 3274 57242989 45 2079 2701 58034352 464 1378 2879 9690035 289 1439 2480 13751786 356 1880 3189 44977069 379 1663 2919 29474088 688 2384 2968 79623288 
50 4294967295 73395 70560 51753 54726 79479 59220 72360 43474 58439 7243 70124 56680 10661 42229 19442 17614 22415 29299 54428 77284 37028 1056 1442 2569 13877073 1013 1285 2747 3468192 728 2034 3232 55664227 773 1815 3470 40785122 1148 2346 2702 76272509 841 1834 3293 42087612 1040 1619 2969 26507192 
