57 4294967295 19803 59256 27459 57537 48240 22068 61521 69102 73027 52982 39355 9935 50683 47513 32011 66341 17089 64544 37792 30872 71620 68450 36073 44102 225 1362 2771 15121051 751 1439 2795 18010452 327 1460 2043 18219228 728 1611 2617 24493629 604 1890 2322 34654905 255 1163 2544 7297431 781 1416 2499 16768082 882 1909 2823 36099984 
57 4294967295 19803 74256 10584 63162 68865 40818 9021 48477 13027 15482 67480 6185 22558 26888 73261 55091 32089 38294 65917 19622 56620 62825 17323 29102 225 1166 2299 7052926 951 1835 1993 32445452 102 1363 2421 14776728 803 1690 2645 27371754 879 1236 2117 9750530 505 1814 2172 31654306 81 1912 2748 36006832 607 1109 2269 5136859 
57 4294967295 38553 46131 64959 16287 33240 68943 44646 22227 29902 15482 48730 6185 24433 56888 75136 51341 18964 8294 71542 28997 52870 59075 37948 27227 475 1334 2021 13445426 576 1585 2595 23514827 827 1261 2669 11236103 178 1441 2297 17508629 404 1889 2274 34601155 880 1937 2117 36368056 556 1640 2698 25513082 257 1188 1993 7711859 
57 4294967295 25428 46131 48084 70662 65115 27693 5271 42852 16777 39857 31855 73685 37558 55013 33886 62591 9589 8294 58417 19622 24745 70325 56698 15977 300 1714 2021 27700426 576 1159 2644 7402952 602 1063 2848 3796103 903 1265 2172 10750504 829 1360 2442 14819280 330 1436 2893 18097431 31 1387 2745 16042457 532 1691 2124 26853109 
57 4294967295 72303 55506 3084 51912 57615 22068 29646 9102 43027 54857 48730 51185 71308 60638 32011 64466 13339 25169 39667 17747 41620 70325 75448 15977 925 1464 2848 19014176 701 1585 2642 23566702 2 1490 2124 19234853 653 1113 2147 5016129 729 1941 2770 36998030 255 1362 2719 15073056 356 1886 2593 34916832 82 1509 2246 20309359 
57 4294967295 27303 49881 61209 72537 57615 67068 33396 14727 16777 56732 5605 8060 60058 45638 54511 75716 26464 30794 47167 66497 37870 40325 9823 12227 325 1662 2920 26677301 626 1159 2018 6794827 777 1736 2321 28955478 928 1564 2519 22499879 729 1010 2448 1508030 855 1066 2797 3753681 406 1288 2074 11591207 157 1440 2667 17873734 
57 4294967295 72303 44256 51834 53787 14490 74568 37146 48477 61777 58607 65605 64310 39433 43763 50761 70091 32089 60794 4042 8372 56620 10325 21073 19727 925 1216 2845 9507926 551 1363 2721 15080452 652 1461 2768 18934228 678 1810 2494 31975504 154 989 2022 128655 955 1612 2048 23938681 456 1690 2174 26899957 607 1759 2692 30267484 
57 4294967295 66678 25506 55584 57537 23865 65193 48396 59727 61777 69857 3730 54935 41308 34388 52636 30716 20839 45794 7792 12122 19120 44075 51073 36602 850 1190 2072 7799801 301 1486 2399 19510452 702 1213 2842 9502353 728 985 2320 435504 279 1637 2498 25311155 830 1616 2521 24398681 606 1039 2643 2650582 757 1759 2369 29954359 
57 4294967295 10428 34881 21834 23787 5115 38943 48396 54102 61777 34232 59980 26810 50683 32513 43261 64466 28339 73919 37792 68372 52870 72200 15448 45977 100 1313 2873 13314176 426 1439 2822 18026702 252 1735 2770 29381103 278 1512 2896 20948004 29 1640 2268 25085530 480 1611 2367 24243681 606 1141 2344 6160582 682 1759 2524 30098734 
57 4294967295 51678 25506 70584 31287 27615 44568 12771 74727 37402 36107 39355 21185 15058 6263 43261 64466 48964 51419 9667 34622 69745 8450 73573 17852 650 1588 2372 23297301 301 1512 2596 20656077 902 1865 2770 34150478 378 1916 2149 35429254 329 1064 2392 3350530 555 1460 1994 18176181 131 1434 2023 17239332 957 1136 2193 6023109 
57 4294967295 19803 59256 27459 57537 48240 22068 61521 69102 73027 52982 39355 9935 50683 47513 32011 66341 17089 64544 37792 30872 71620 68450 36073 44102 225 1362 2771 15121051 751 1439 2795 18010452 327 1460 2043 18219228 728 1611 2617 24493629 604 1890 2322 34654905 255 1163 2544 7297431 781 1416 2499 16768082 882 1909 2823 36099984 
57 4294967295 19803 74256 10584 63162 68865 40818 9021 48477 13027 15482 67480 6185 22558 26888 73261 55091 32089 38294 65917 19622 56620 62825 17323 29102 225 1166 2299 7052926 951 1835 1993 32445452 102 1363 2421 14776728 803 1690 2645 27371754 879 1236 2117 9750530 505 1814 2172 31654306 81 1912 2748 36006832 607 1109 2269 5136859 
57 4294967295 38553 46131 64959 16287 33240 68943 44646 22227 29902 15482 48730 6185 24433 56888 75136 51341 18964 8294 71542 28997 52870 59075 37948 27227 475 1334 2021 13445426 576 1585 2595 23514827 827 1261 2669 11236103 178 1441 2297 17508629 404 1889 2274 34601155 880 1937 2117 36368056 556 1640 2698 25513082 257 1188 1993 7711859 
57 4294967295 25428 46131 48084 70662 65115 27693 5271 42852 16777 39857 31855 73685 37558 55013 33886 62591 9589 8294 58417 19622 24745 70325 56698 15977 300 1714 2021 27700426 576 1159 2644 7402952 602 1063 2848 3796103 903 1265 2172 10750504 829 1360 2442 14819280 330 1436 2893 18097431 31 1387 2745 16042457 532 1691 2124 26853109 
57 4294967295 72303 55506 3084 51912 57615 22068 29646 9102 43027 54857 48730 51185 71308 60638 32011 64466 13339 25169 39667 17747 41620 70325 75448 15977 925 1464 2848 19014176 701 1585 2642 23566702 2 1490 2124 19234853 653 1113 2147 5016129 729 1941 2770 36998030 255 1362 2719 15073056 356 1886 2593 34916832 82 1509 2246 20309359 
57 4294967295 27303 49881 61209 72537 57615 67068 33396 14727 16777 56732 5605 8060 60058 45638 54511 75716 26464 30794 47167 66497 37870 40325 9823 12227 325 1662 2920 26677301 626 1159 2018 6794827 777 1736 2321 28955478 928 1564 2519 22499879 729 1010 2448 1508030 855 1066 2797 3753681 406 1288 2074 11591207 157 1440 2667 17873734 
57 4294967295 72303 44256 51834 53787 14490 74568 37146 48477 61777 58607 65605 64310 39433 43763 50761 70091 32089 60794 4042 8372 56620 10325 21073 19727 925 1216 2845 9507926 551 1363 2721 15080452 652 1461 2768 18934228 678 1810 2494 31975504 154 989 2022 128655 955 1612 2048 23938681 456 1690 2174 26899957 607 1759 2692 30267484 
57 4294967295 66678 25506 55584 57537 23865 65193 48396 59727 61777 69857 3730 54935 41308 34388 52636 30716 20839 45794 7792 12122 19120 44075 51073 36602 850 1190 2072 7799801 301 1486 2399 19510452 702 1213 2842 9502353 728 985 2320 435504 279 1637 2498 25311155 830 1616 2521 24398681 606 1039 2643 2650582 757 1759 2369 29954359 
57 4294967295 10428 34881 21834 23787 5115 38943 48396 54102 61777 34232 59980 26810 50683 32513 43261 64466 28339 73919 37792 68372 52870 72200 15448 45977 100 1313 2873 13314176 426 1439 2822 18026702 252 1735 2770 29381103 278 1512 2896 20948004 29 1640 2268 25085530 480 1611 2367 24243681 606 1141 2344 6160582 682 1759 2524 30098734 
57 4294967295 51678 25506 70584 31287 27615 44568 12771 74727 37402 36107 39355 21185 15058 6263 43261 64466 48964 51419 9667 34622 69745 8450 73573 17852 650 1588 2372 23297301 301 1512 2596 20656077 902 1865 2770 34150478 378 1916 2149 35429254 329 1064 2392 3350530 555 1460 1994 18176181 131 1434 2023 17239332 957 1136 2193 6023109 
