15 4294967295 4161 5805 4384 5453 2350 6491 147 417 922 1101661 225 514 972 2903988 
15 4294967295 6366 1248 2473 7805 3379 2963 252 423 1034 1269829 8 466 804 1950350 
15 4294967295 6513 6393 5119 7952 6319 1493 259 606 734 4476095 253 549 1041 3566419 
15 4294967295 5043 3747 7030 6335 7201 6197 189 640 964 5195317 127 648 958 5319835 
15 4294967295 6072 2571 5266 1337 6907 7373 238 556 1014 3683765 71 634 726 4982078 
15 4294967295 2985 3306 4090 4865 1909 1493 91 396 894 708926 106 500 734 2563291 
15 4294967295 6513 5511 8206 6923 1762 4433 259 696 874 6182912 211 389 992 617305 
15 4294967295 5190 7716 8206 1631 7201 6344 196 696 740 6134990 316 648 965 5323657 
15 4294967295 5190 1395 7471 4424 6907 2228 196 634 769 4997945 15 661 873 5543961 
15 4294967295 7983 1983 7618 1484 6466 5756 329 668 733 5623626 43 613 937 4674505 
15 4294967295 4161 5805 4384 5453 2350 6491 147 417 922 1101661 225 514 972 2903988 
15 4294967295 6366 1248 2473 7805 3379 2963 252 423 1034 1269829 8 466 804 1950350 
15 4294967295 6513 6393 5119 7952 6319 1493 259 606 734 4476095 253 549 1041 3566419 
15 4294967295 5043 3747 7030 6335 7201 6197 189 640 964 5195317 127 648 958 5319835 
15 4294967295 6072 2571 5266 1337 6907 7373 238 556 1014 3683765 71 634 726 4982078 
15 4294967295 2985 3306 4090 4865 1909 1493 91 396 894 708926 106 500 734 2563291 
15 4294967295 6513 5511 8206 6923 1762 4433 259 696 874 6182912 211 389 992 617305 
15 4294967295 5190 7716 8206 1631 7201 6344 196 696 740 6134990 316 648 965 5323657 
15 4294967295 5190 1395 7471 4424 6907 2228 196 634 769 4997945 15 661 873 5543961 
15 4294967295 7983 1983 7618 1484 6466 5756 329 668 733 5623626 43 613 937 4674505 
