36 4294967295 13491 11238 17433 12108 7554 16114 13271 8485 6410 1624 10301 4747 11120 2494 17282 256 408 1051 120497 209 710 908 3102146 338 551 1135 1593811 227 473 1006 740836 132 426 989 252918 
36 4294967295 9651 16614 6681 17484 4482 5362 19415 6181 11786 2392 9533 3211 11120 4030 16514 176 486 1006 900017 321 503 1119 1107138 114 458 1020 585427 339 441 973 409828 68 424 1179 328694 
36 4294967295 15795 12006 6681 7500 9090 11506 19415 20005 17162 17752 2621 3211 14960 8638 13442 304 441 829 351665 225 554 1055 1560002 114 791 1086 3971027 131 744 1132 3510500 164 614 1179 2250230 
36 4294967295 17331 10470 4377 5964 16002 3058 14807 10021 1802 11608 7229 19339 4208 12478 13442 336 438 925 390577 193 634 1055 2359490 66 777 812 3701459 99 583 1083 1890788 308 616 862 2124534 
36 4294967295 5043 14310 15897 9036 19074 7666 4055 18469 6410 10840 13373 8587 3440 7102 17282 80 534 846 1314481 273 759 859 3563970 306 522 1135 1273299 163 600 1053 2039012 372 553 908 1504758 
36 4294967295 5811 9702 7449 17484 19842 9202 13271 16165 2570 7000 15677 3211 17264 8638 11906 96 554 1051 1557937 177 441 1101 458434 130 520 1023 1225683 339 711 1134 3193828 388 566 828 1633014 
36 4294967295 11187 2790 1305 9804 19842 19186 5591 12325 11018 3928 17213 15499 18032 7870 14978 208 697 1004 2980529 33 774 1150 3835330 2 538 891 1332435 179 631 1133 2391268 388 456 1087 615414 
36 4294967295 16563 1254 14361 9036 11394 13810 7895 10789 13322 15448 7229 16267 20336 19390 4994 320 713 1198 3219121 1 599 1052 2036418 274 696 939 2955987 163 778 879 3728612 212 662 925 2628598 
36 4294967295 7347 14310 11289 3660 16002 10738 9431 15397 18698 16984 3389 12427 7280 1726 14210 128 598 1164 2083249 273 633 845 2277570 210 695 926 2948563 51 410 1071 123620 308 728 971 3289334 
36 4294967295 15027 7398 15897 8268 5250 6130 14039 20005 9482 3928 1853 13195 18032 3262 4994 288 649 813 2425009 129 442 972 406466 306 456 1067 607699 147 791 1150 3997156 84 502 879 1007350 
36 4294967295 13491 11238 17433 12108 7554 16114 13271 8485 6410 1624 10301 4747 11120 2494 17282 256 408 1051 120497 209 710 908 3102146 338 551 1135 1593811 227 473 1006 740836 132 426 989 252918 
36 4294967295 9651 16614 6681 17484 4482 5362 19415 6181 11786 2392 9533 3211 11120 4030 16514 176 486 1006 900017 321 503 1119 1107138 114 458 1020 585427 339 441 973 409828 68 424 1179 328694 
36 4294967295 15795 12006 6681 7500 9090 11506 19415 20005 17162 17752 2621 3211 14960 8638 13442 304 441 829 351665 225 554 1055 1560002 114 791 1086 3971027 131 744 1132 3510500 164 614 1179 2250230 
36 4294967295 17331 10470 4377 5964 16002 3058 14807 10021 1802 11608 7229 19339 4208 12478 13442 336 438 925 390577 193 634 1055 2359490 66 777 812 3701459 99 583 1083 1890788 308 616 862 2124534 
36 4294967295 5043 14310 15897 9036 19074 7666 4055 18469 6410 10840 13373 8587 3440 7102 17282 80 534 846 1314481 273 759 859 3563970 306 522 1135 1273299 163 600 1053 2039012 372 553 908 1504758 
36 4294967295 5811 9702 7449 17484 19842 9202 13271 16165 2570 7000 15677 3211 17264 8638 11906 96 554 1051 1557937 177 441 1101 458434 130 520 1023 1225683 339 711 1134 3193828 388 566 828 1633014 
36 4294967295 11187 2790 1305 9804 19842 19186 5591 12325 11018 3928 17213 15499 18032 7870 14978 208 697 1004 2980529 33 774 1150 3835330 2 538 891 1332435 179 631 1133 2391268 388 456 1087 615414 
36 4294967295 16563 1254 14361 9036 11394 13810 7895 10789 13322 15448 7229 16267 20336 19390 4994 320 713 1198 3219121 1 599 1052 2036418 274 696 939 2955987 163 778 879 3728612 212 662 925 2628598 
36 4294967295 7347 14310 11289 3660 16002 10738 9431 15397 18698 16984 3389 12427 7280 1726 14210 128 598 1164 2083249 273 633 845 2277570 210 695 926 2948563 51 410 1071 123620 308 728 971 3289334 
36 4294967295 15027 7398 15897 8268 5250 6130 14039 20005 9482 3928 1853 13195 18032 3262 4994 288 649 813 2425009 129 442 972 406466 306 456 1067 607699 147 791 1150 3997156 84 502 879 1007350 
